$GPGGA,20161126212826125,42.518074,-83.677121,2.81
$GPGGA,0,-1.7806341e-12,0,0
$GPGGA,33,-0.11108443,0.98610306,0
$GPGGA,66,-0.33325329,2.0543814,0
$GPGGA,99,-0.44433773,3.0404844,0
$GPGGA,132,-0.55542219,4.0265875,0
$GPGGA,165,-0.66650659,5.0126905,0
$GPGGA,198,-0.77759105,5.9987936,0
$GPGGA,231,-0.88867545,7.0670719,0
$GPGGA,264,-0.99975991,8.053175,0
$GPGGA,297,-1.2219287,9.039278,0
$GPGGA,330,-1.3330132,10.107556,0
$GPGGA,363,-1.4440976,11.340185,0
$GPGGA,396,-1.5551821,12.490639,0
$GPGGA,429,-1.7773509,13.723268,0
$GPGGA,462,-1.8884354,14.955896,0
$GPGGA,495,-1.9995198,16.188526,0
$GPGGA,528,-2.1106043,17.33898,0
$GPGGA,561,-2.332773,18.571608,0
$GPGGA,594,-2.4438574,19.804237,0
$GPGGA,627,-2.5549419,21.036865,0
$GPGGA,660,-2.6660264,22.269495,0
$GPGGA,693,-2.8881953,23.419949,0
$GPGGA,726,-2.9992797,24.652576,0
$GPGGA,759,-3.1103642,25.885206,0
$GPGGA,792,-3.2214484,27.117834,0
$GPGGA,825,-3.4436173,28.350464,0
$GPGGA,858,-3.5547018,29.500917,0
$GPGGA,891,-3.6657863,30.733545,0
$GPGGA,924,-3.7768707,31.966175,0
$GPGGA,957,-3.9990396,33.198803,0
$GPGGA,990,-4.1101241,34.431431,0
$GPGGA,1023,-4.2212086,35.581886,0
$GPGGA,1056,-4.443377,36.814514,0
$GPGGA,1089,-4.5544615,38.047142,0
$GPGGA,1122,-4.6655459,39.279774,0
$GPGGA,1155,-4.7766304,40.512402,0
$GPGGA,1188,-4.9987993,41.662853,0
$GPGGA,1221,-5.1098838,42.895485,0
$GPGGA,1254,-5.2209682,43.881588,0
$GPGGA,1287,-5.3320527,44.949863,0
$GPGGA,1320,-5.4431372,45.93597,0
$GPGGA,1353,-5.5542216,46.922073,0
$GPGGA,1386,-5.6653061,47.908176,0
$GPGGA,1419,-5.7763906,48.976452,0
$GPGGA,1452,-5.887475,49.962555,0
$GPGGA,1485,-5.9985595,50.948658,0
$GPGGA,1518,-6.1096439,51.934761,0
$GPGGA,1551,-6.2207279,53.00304,0
$GPGGA,1584,-6.3318124,53.989143,0
$GPGGA,1617,-6.4428968,54.975246,0
$GPGGA,1650,-6.5539813,55.961349,0
$GPGGA,1683,-6.6650658,57.029629,0
$GPGGA,1716,-6.7761502,58.015732,0
$GPGGA,1749,-6.8872347,59.001835,0
$GPGGA,1782,-7.1094036,59.987938,0
$GPGGA,1815,-7.1094036,60.974041,0
$GPGGA,1848,-7.3315725,62.04232,0
$GPGGA,1881,-7.442657,63.028423,0
$GPGGA,1914,-7.5537415,64.014526,0
$GPGGA,1947,-7.6648259,65.000626,0
$GPGGA,1980,-7.7759104,66.068909,0
$GPGGA,2013,-7.8869948,67.055008,0
$GPGGA,2046,-7.9980788,68.041115,0
$GPGGA,2079,-8.1091633,69.027214,0
$GPGGA,2112,-8.2202482,70.013321,0
$GPGGA,2145,-8.3313322,71.081596,0
$GPGGA,2178,-8.4424171,72.067703,0
$GPGGA,2211,-8.5535011,73.053802,0
$GPGGA,2244,-8.6645861,74.039909,0
$GPGGA,2277,-8.7756701,75.108185,0
$GPGGA,2310,-8.886754,76.094284,0
$GPGGA,2343,-8.997839,77.244743,0
$GPGGA,2376,-9.2200079,78.477371,0
$GPGGA,2409,-9.3310919,79.709999,0
$GPGGA,2442,-9.4421768,80.942627,0
$GPGGA,2475,-9.5532608,82.175255,0
$GPGGA,2508,-9.7754297,83.407883,0
$GPGGA,2541,-9.8865147,84.640511,0
$GPGGA,2574,-9.9975986,85.873146,0
$GPGGA,2607,-10.108684,87.105774,0
$GPGGA,2640,-10.330853,88.338402,0
$GPGGA,2673,-10.441936,89.57103,0
$GPGGA,2706,-10.55302,90.803658,0
$GPGGA,2739,-10.664105,92.036285,0
$GPGGA,2772,-10.886274,93.268913,0
$GPGGA,2805,-10.997358,94.501549,0
$GPGGA,2838,-11.108443,95.734177,0
$GPGGA,2871,-11.219527,96.966805,0
$GPGGA,2904,-11.441696,98.199432,0
$GPGGA,2937,-11.552781,99.43206,0
$GPGGA,2970,-11.663865,100.66469,0
$GPGGA,3003,-11.77495,101.89732,0
$GPGGA,3036,-11.997119,103.12994,0
$GPGGA,3069,-12.108203,104.36258,0
$GPGGA,3102,-12.219287,105.59521,0
$GPGGA,3135,-12.330372,106.82784,0
$GPGGA,3168,-12.552541,108.06046,0
$GPGGA,3201,-12.663625,109.29309,0
$GPGGA,3234,-12.77471,110.44354,0
$GPGGA,3267,-12.885794,111.42965,0
$GPGGA,3300,-12.996879,112.41575,0
$GPGGA,3333,-13.219048,113.48403,0
$GPGGA,3366,-13.330132,114.47013,0
$GPGGA,3399,-13.441216,115.45624,0
$GPGGA,3432,-13.5523,116.44234,0
$GPGGA,3465,-13.663385,117.42844,0
$GPGGA,3498,-13.774469,118.41454,0
$GPGGA,3531,-13.996638,119.40065,0
$GPGGA,3564,-14.107722,120.38675,0
$GPGGA,3597,-14.218807,121.45503,0
$GPGGA,3630,-14.329891,122.44113,0
$GPGGA,3663,-14.440976,123.42724,0
$GPGGA,3696,-14.55206,124.41334,0
$GPGGA,3729,-14.663145,125.39944,0
$GPGGA,3762,-14.885314,126.38554,0
$GPGGA,3795,-14.996398,127.37165,0
$GPGGA,3828,-15.107483,128.43993,0
$GPGGA,3861,-15.218567,129.42603,0
$GPGGA,3894,-15.329652,130.41212,0
$GPGGA,3927,-15.440736,131.39824,0
$GPGGA,3960,-15.55182,132.38434,0
$GPGGA,3993,-15.773989,133.37044,0
$GPGGA,4026,-15.885074,134.35654,0
$GPGGA,4059,-15.996158,135.34265,0
$GPGGA,4092,-16.107243,136.41092,0
$GPGGA,4125,-16.218327,137.39703,0
$GPGGA,4158,-16.329411,138.38313,0
$GPGGA,4191,-16.440496,139.36923,0
$GPGGA,4224,-16.662664,140.35533,0
$GPGGA,4257,-16.773748,141.34145,0
$GPGGA,4290,-16.884834,142.32755,0
$GPGGA,4323,-16.995918,143.39583,0
$GPGGA,4356,-17.107002,144.54628,0
$GPGGA,4389,-17.32917,145.7789,0
$GPGGA,4422,-17.440256,147.01154,0
$GPGGA,4455,-17.662424,148.24416,0
$GPGGA,4488,-17.773508,149.39462,0
$GPGGA,4521,-17.884594,150.62724,0
$GPGGA,4554,-18.106762,151.85988,0
$GPGGA,4587,-18.217846,153.0925,0
$GPGGA,4620,-18.328932,154.32513,0
$GPGGA,4653,-18.5511,155.55775,0
$GPGGA,4686,-18.662184,156.70822,0
$GPGGA,4719,-18.884354,157.94084,0
$GPGGA,4752,-18.995438,159.17348,0
$GPGGA,4785,-19.217606,160.4061,0
$GPGGA,4818,-19.328691,161.63873,0
$GPGGA,4851,-19.439775,162.78918,0
$GPGGA,4884,-19.661943,164.0218,0
$GPGGA,4917,-19.773029,165.25444,0
$GPGGA,4950,-19.995197,166.48708,0
$GPGGA,4983,-20.106281,167.7197,0
$GPGGA,5016,-20.217367,168.87015,0
$GPGGA,5049,-20.439535,170.10278,0
$GPGGA,5082,-20.550619,171.3354,0
$GPGGA,5115,-20.772789,172.56804,0
$GPGGA,5148,-20.883873,173.80067,0
$GPGGA,5181,-20.994957,174.95113,0
$GPGGA,5214,-21.217127,176.18375,0
$GPGGA,5247,-21.328211,177.3342,0
$GPGGA,5280,-21.439295,178.48465,0
$GPGGA,5313,-21.550379,179.71729,0
$GPGGA,5346,-21.772549,180.86774,0
$GPGGA,5379,-21.883633,182.01819,0
$GPGGA,5412,-21.994717,183.16864,0
$GPGGA,5445,-22.105801,184.31911,0
$GPGGA,5478,-22.327971,185.46956,0
$GPGGA,5511,-22.439054,186.62001,0
$GPGGA,5544,-22.550138,187.77046,0
$GPGGA,5577,-22.661224,188.92091,0
$GPGGA,5610,-22.883392,190.07137,0
$GPGGA,5643,-22.994476,191.22182,0
$GPGGA,5676,-23.105562,192.45445,0
$GPGGA,5709,-23.216646,193.6049,0
$GPGGA,5742,-23.32773,194.75536,0
$GPGGA,5775,-23.549898,195.90581,0
$GPGGA,5808,-23.660984,197.05626,0
$GPGGA,5841,-23.772068,198.20673,0
$GPGGA,5874,-23.883152,199.35718,0
$GPGGA,5907,-24.105322,200.50763,0
$GPGGA,5940,-24.216406,201.65808,0
$GPGGA,5973,-24.32749,202.80853,0
$GPGGA,6006,-24.438574,204.04117,0
$GPGGA,6039,-24.54966,205.19162,0
$GPGGA,6072,-24.771828,206.34207,0
$GPGGA,6105,-24.882912,207.49252,0
$GPGGA,6138,-24.993998,208.64297,0
$GPGGA,6171,-25.105082,209.79343,0
$GPGGA,6204,-25.216166,210.86171,0
$GPGGA,6237,-25.438334,212.01216,0
$GPGGA,6270,-25.549419,213.16261,0
$GPGGA,6303,-25.660503,214.31306,0
$GPGGA,6336,-25.771587,215.38135,0
$GPGGA,6369,-25.882671,216.5318,0
$GPGGA,6402,-25.993757,217.68225,0
$GPGGA,6435,-26.104841,218.75053,0
$GPGGA,6468,-26.327009,219.90099,0
$GPGGA,6501,-26.438095,221.05144,0
$GPGGA,6534,-26.549179,222.11972,0
$GPGGA,6567,-26.660263,223.27017,0
$GPGGA,6600,-26.771347,224.42062,0
$GPGGA,6633,-26.882431,225.48891,0
$GPGGA,6666,-26.993517,226.63936,0
$GPGGA,6699,-27.215685,227.78981,0
$GPGGA,6732,-27.326769,228.85809,0
$GPGGA,6765,-27.437855,230.00854,0
$GPGGA,6798,-27.548939,231.159,0
$GPGGA,6831,-27.660023,232.30945,0
$GPGGA,6864,-27.771107,233.37773,0
$GPGGA,6897,-27.882193,234.52818,0
$GPGGA,6930,-27.993277,235.67863,0
$GPGGA,6963,-28.215445,236.74692,0
$GPGGA,6996,-28.326529,237.89737,0
$GPGGA,7029,-28.437614,239.04782,0
$GPGGA,7062,-28.548698,240.1161,0
$GPGGA,7095,-28.659782,241.26656,0
$GPGGA,7128,-28.770866,242.41701,0
$GPGGA,7161,-28.993036,243.48529,0
$GPGGA,7194,-29.10412,244.47139,0
$GPGGA,7227,-29.215204,245.45749,0
$GPGGA,7260,-29.32629,246.44359,0
$GPGGA,7293,-29.437374,247.4297,0
$GPGGA,7326,-29.548458,248.49797,0
$GPGGA,7359,-29.659542,249.48409,0
$GPGGA,7392,-29.881712,250.47018,0
$GPGGA,7425,-29.992796,251.45628,0
$GPGGA,7458,-30.10388,252.44238,0
$GPGGA,7491,-30.214964,253.4285,0
$GPGGA,7524,-30.32605,254.49677,0
$GPGGA,7557,-30.437134,255.48288,0
$GPGGA,7590,-30.548218,256.46896,0
$GPGGA,7623,-30.770388,257.45508,0
$GPGGA,7656,-30.881472,258.44119,0
$GPGGA,7689,-30.992556,259.50946,0
$GPGGA,7722,-31.10364,260.49557,0
$GPGGA,7755,-31.214725,261.48166,0
$GPGGA,7788,-31.325809,262.46777,0
$GPGGA,7821,-31.436893,263.45386,0
$GPGGA,7854,-31.659061,264.43997,0
$GPGGA,7887,-31.770147,265.50824,0
$GPGGA,7920,-31.881231,266.49435,0
$GPGGA,7953,-31.992315,267.48047,0
$GPGGA,7986,-32.103401,268.46655,0
$GPGGA,8019,-32.214485,269.45267,0
$GPGGA,8052,-32.436653,270.43878,0
$GPGGA,8085,-32.547737,271.50705,0
$GPGGA,8118,-32.658821,272.49316,0
$GPGGA,8151,-32.769905,273.47925,0
$GPGGA,8184,-32.880989,274.46536,0
$GPGGA,8217,-32.992077,275.45145,0
$GPGGA,8250,-33.103161,276.51974,0
$GPGGA,8283,-33.325329,277.75238,0
$GPGGA,8316,-33.436413,278.98499,0
$GPGGA,8349,-33.547497,280.13544,0
$GPGGA,8382,-33.658581,281.36807,0
$GPGGA,8415,-33.880753,282.60071,0
$GPGGA,8448,-33.991837,283.83334,0
$GPGGA,8481,-34.102921,285.06598,0
$GPGGA,8514,-34.325089,286.21643,0
$GPGGA,8547,-34.436172,287.44904,0
$GPGGA,8580,-34.547256,288.68167,0
$GPGGA,8613,-34.65834,289.91431,0
$GPGGA,8646,-34.880512,291.14694,0
$GPGGA,8679,-34.991596,292.29739,0
$GPGGA,8712,-35.10268,293.53003,0
$GPGGA,8745,-35.213764,294.76263,0
$GPGGA,8778,-35.435932,295.99527,0
$GPGGA,8811,-35.547016,297.22791,0
$GPGGA,8844,-35.6581,298.37836,0
$GPGGA,8877,-35.769188,299.61099,0
$GPGGA,8910,-35.991356,300.84363,0
$GPGGA,8943,-36.10244,302.07623,0
$GPGGA,8976,-36.213524,303.30887,0
$GPGGA,9009,-36.324608,304.45932,0
$GPGGA,9042,-36.546776,305.69196,0
$GPGGA,9075,-36.65786,306.92459,0
$GPGGA,9108,-36.768948,308.15723,0
$GPGGA,9141,-36.880032,309.38983,0
$GPGGA,9174,-37.1022,310.37595,-0.0099999998
$GPGGA,9207,-37.213284,311.36206,-0.0099999998
$GPGGA,9240,-37.324368,312.34814,-0.0099999998
$GPGGA,9273,-37.546535,313.33426,-0.0099999998
$GPGGA,9306,-37.657619,314.40253,-0.0099999998
$GPGGA,9339,-37.768707,315.38864,-0.0099999998
$GPGGA,9372,-37.879791,316.37473,-0.0099999998
$GPGGA,9405,-37.990875,317.36084,-0.0099999998
$GPGGA,9438,-38.213043,318.34695,-0.0099999998
$GPGGA,9471,-38.324127,319.33304,-0.0099999998
$GPGGA,9504,-38.435211,320.40134,-0.0099999998
$GPGGA,9537,-38.657383,321.38742,-0.0099999998
$GPGGA,9570,-38.768467,322.37354,-0.0099999998
$GPGGA,9603,-38.879551,323.35965,-0.0099999998
$GPGGA,9636,-38.990635,324.34573,-0.0099999998
$GPGGA,9669,-39.212803,325.33185,-0.0099999998
$GPGGA,9702,-39.323887,326.31793,-0.0099999998
$GPGGA,9735,-39.434971,327.38623,-0.0099999998
$GPGGA,9768,-39.657143,328.37231,-0.0099999998
$GPGGA,9801,-39.768227,329.35843,-0.0099999998
$GPGGA,9834,-39.879311,330.34454,-0.0099999998
$GPGGA,9867,-39.990395,331.33063,-0.0099999998
$GPGGA,9900,-40.212563,332.31674,-0.0099999998
$GPGGA,9933,-40.323647,333.30283,-0.0099999998
$GPGGA,9966,-40.434731,334.37112,-0.0099999998
$GPGGA,9999,-40.545815,335.35721,-0.0099999998
$GPGGA,10032,-40.767986,336.34332,-0.0099999998
$GPGGA,10065,-40.87907,337.32944,-0.0099999998
$GPGGA,10098,-40.990154,338.31552,-0.0099999998
$GPGGA,10131,-41.101238,339.30164,-0.0099999998
$GPGGA,10164,-41.323406,340.3699,-0.0099999998
$GPGGA,10197,-41.43449,341.35602,-0.0099999998
$GPGGA,10230,-41.545578,342.34213,-0.0099999998
$GPGGA,10263,-41.656662,343.4104,-0.0099999998
$GPGGA,10296,-41.87883,344.47867,-0.0099999998
$GPGGA,10329,-41.989914,345.54697,-0.0099999998
$GPGGA,10362,-42.212082,346.69742,-0.0099999998
$GPGGA,10395,-42.323166,347.76569,-0.0099999998
$GPGGA,10428,-42.545338,348.83395,-0.0099999998
$GPGGA,10461,-42.656422,349.98441,-0.0099999998
$GPGGA,10494,-42.767506,351.0527,-0.0099999998
$GPGGA,10527,-42.989674,352.20316,-0.0099999998
$GPGGA,10560,-43.100758,353.27142,-0.0099999998
$GPGGA,10593,-43.211842,354.33969,-0.0099999998
$GPGGA,10626,-43.43401,355.49017,-0.0099999998
$GPGGA,10659,-43.545097,356.55844,-0.0099999998
$GPGGA,10692,-43.767265,357.62671,-0.0099999998
$GPGGA,10725,-43.878349,358.77716,-0.0099999998
$GPGGA,10758,-43.989433,359.84546,-0.0099999998
$GPGGA,10791,-44.211601,360.91373,-0.0099999998
$GPGGA,10824,-44.322685,362.06418,-0.0099999998
$GPGGA,10857,-44.544857,363.13245,-0.0099999998
$GPGGA,10890,-44.655941,364.20074,-0.0099999998
$GPGGA,10923,-44.767025,365.3512,-0.0099999998
$GPGGA,10956,-44.989193,366.41946,-0.0099999998
$GPGGA,10989,-45.100277,367.48776,-0.0099999998
$GPGGA,11022,-45.211361,368.63821,-0.0099999998
$GPGGA,11055,-45.433533,369.70648,-0.0099999998
$GPGGA,11088,-45.544617,370.77475,-0.0099999998
$GPGGA,11121,-45.766785,371.9252,-0.0099999998
$GPGGA,11154,-45.877869,372.9935,-0.0099999998
$GPGGA,11187,-45.988953,374.06177,-0.0099999998
$GPGGA,11220,-46.211121,375.21222,-0.0099999998
$GPGGA,11253,-46.322205,376.36267,-0.0099999998
$GPGGA,11286,-46.544376,377.51312,-0.0099999998
$GPGGA,11319,-46.766544,378.74576,-0.0099999998
$GPGGA,11352,-46.877628,379.97839,-0.0099999998
$GPGGA,11385,-47.099796,381.21103,-0.0099999998
$GPGGA,11418,-47.321968,382.44363,-0.0099999998
$GPGGA,11451,-47.433052,383.59409,-0.0099999998
$GPGGA,11484,-47.65522,384.82672,-0.0099999998
$GPGGA,11517,-47.877388,386.05936,-0.0099999998
$GPGGA,11550,-47.988472,387.29199,-0.0099999998
$GPGGA,11583,-48.21064,388.52463,-0.0099999998
$GPGGA,11616,-48.432812,389.67508,-0.0099999998
$GPGGA,11649,-48.543896,390.90768,-0.0099999998
$GPGGA,11682,-48.766064,392.14032,-0.0099999998
$GPGGA,11715,-48.988232,393.37296,-0.0099999998
$GPGGA,11748,-49.099316,394.60559,-0.0099999998
$GPGGA,11781,-49.321487,395.75604,-0.0099999998
$GPGGA,11814,-49.543655,396.98868,-0.0099999998
$GPGGA,11847,-49.765823,398.22128,-0.0099999998
$GPGGA,11880,-49.876907,399.45392,-0.0099999998
$GPGGA,11913,-50.099075,400.60437,-0.0099999998
$GPGGA,11946,-50.321247,401.83701,-0.0099999998
$GPGGA,11979,-50.432331,403.06964,-0.0099999998
$GPGGA,12012,-50.654499,404.30228,-0.0099999998
$GPGGA,12045,-50.876667,405.53488,-0.0099999998
$GPGGA,12078,-50.987751,406.68533,-0.0099999998
$GPGGA,12111,-51.209923,407.91797,-0.0099999998
$GPGGA,12144,-51.432091,409.1506,-0.0099999998
$GPGGA,12177,-51.543175,410.21887,-0.0099999998
$GPGGA,12210,-51.765343,411.36932,-0.0099999998
$GPGGA,12243,-51.876427,412.43762,-0.0099999998
$GPGGA,12276,-52.098595,413.58807,-0.0099999998
$GPGGA,12309,-52.209682,414.65634,-0.0099999998
$GPGGA,12342,-52.43185,415.72461,-0.0099999998
$GPGGA,12375,-52.542934,416.87509,-0.0099999998
$GPGGA,12408,-52.765102,417.94336,-0.0099999998
$GPGGA,12441,-52.876186,419.01163,-0.0099999998
$GPGGA,12474,-53.098354,420.16208,-0.0099999998
$GPGGA,12507,-53.209442,421.23038,-0.0099999998
$GPGGA,12540,-53.43161,422.38083,-0.0099999998
$GPGGA,12573,-53.542694,423.4491,-0.0099999998
$GPGGA,12606,-53.764862,424.51736,-0.0099999998
$GPGGA,12639,-53.875946,425.66782,-0.0099999998
$GPGGA,12672,-54.098118,426.73611,-0.0099999998
$GPGGA,12705,-54.209202,427.80438,-0.0099999998
$GPGGA,12738,-54.43137,428.95483,-0.0099999998
$GPGGA,12771,-54.542454,430.02313,-0.0099999998
$GPGGA,12804,-54.764622,431.0914,-0.0099999998
$GPGGA,12837,-54.98679,432.24185,-0.0099999998
$GPGGA,12870,-55.097878,433.31012,-0.0099999998
$GPGGA,12903,-55.320045,434.46057,-0.0099999998
$GPGGA,12936,-55.431129,435.52887,-0.0099999998
$GPGGA,12969,-55.653297,436.59714,-0.0099999998
$GPGGA,13002,-55.764381,437.74759,-0.0099999998
$GPGGA,13035,-55.986549,438.81586,-0.0099999998
$GPGGA,13068,-56.097637,439.88416,-0.0099999998
$GPGGA,13101,-56.319805,441.03461,-0.0099999998
$GPGGA,13134,-56.430889,442.10287,-0.0099999998
$GPGGA,13167,-56.653057,443.17117,-0.0099999998
$GPGGA,13200,-56.764141,444.32162,-0.0099999998
$GPGGA,13233,-56.986309,445.38989,-0.0099999998
$GPGGA,13266,-57.208481,446.45816,-0.0099999998
$GPGGA,13299,-57.319565,447.60861,-0.0099999998
$GPGGA,13332,-57.541733,448.67691,-0.0099999998
$GPGGA,13365,-57.763901,449.74518,-0.0099999998
$GPGGA,13398,-57.874985,450.81345,-0.0099999998
$GPGGA,13431,-58.097157,451.9639,-0.0099999998
$GPGGA,13464,-58.208241,453.0322,-0.0099999998
$GPGGA,13497,-58.430408,454.10046,-0.0099999998
$GPGGA,13530,-58.652576,455.25092,-0.0099999998
$GPGGA,13563,-58.76366,456.31921,-0.0099999998
$GPGGA,13596,-58.985832,457.38748,-0.0099999998
$GPGGA,13629,-59.208,458.53793,-0.0099999998
$GPGGA,13662,-59.319084,459.6062,-0.0099999998
$GPGGA,13695,-59.541252,460.6745,-0.0099999998
$GPGGA,13728,-59.652336,461.74277,-0.0099999998
$GPGGA,13761,-59.874504,462.89322,-0.0099999998
$GPGGA,13794,-60.096676,463.96149,-0.0099999998
$GPGGA,13827,-60.20776,465.02979,-0.0099999998
$GPGGA,13860,-60.429928,466.18024,-0.0099999998
$GPGGA,13893,-60.652096,467.2485,-0.0099999998
$GPGGA,13926,-60.76318,468.31677,-0.0099999998
$GPGGA,13959,-60.985352,469.38507,-0.0099999998
$GPGGA,13992,-61.20752,470.53552,-0.0099999998
$GPGGA,14025,-61.318604,471.60379,-0.0099999998
$GPGGA,14058,-61.540771,472.67209,-0.0099999998
$GPGGA,14091,-61.651855,473.82254,-0.0099999998
$GPGGA,14124,-61.874027,474.89081,-0.0099999998
$GPGGA,14157,-62.096195,475.95908,-0.0099999998
$GPGGA,14190,-62.207279,476.94519,-0.0099999998
$GPGGA,14223,-62.429447,477.9313,-0.0099999998
$GPGGA,14256,-62.540531,478.91739,-0.0099999998
$GPGGA,14289,-62.762699,479.9035,-0.0099999998
$GPGGA,14322,-62.873787,480.97177,-0.0099999998
$GPGGA,14355,-63.095955,481.95789,-0.0099999998
$GPGGA,14388,-63.207039,482.94397,-0.0099999998
$GPGGA,14421,-63.429207,483.93008,-0.0099999998
$GPGGA,14454,-63.540291,484.9162,-0.0099999998
$GPGGA,14487,-63.762459,485.90228,-0.0099999998
$GPGGA,14520,-63.873547,486.97058,-0.0099999998
$GPGGA,14553,-64.095711,487.95667,-0.0099999998
$GPGGA,14586,-64.206795,488.94278,-0.0099999998
$GPGGA,14619,-64.42897,489.92889,-0.0099999998
$GPGGA,14652,-64.540054,490.91498,-0.0099999998
$GPGGA,14685,-64.651138,491.98325,-0.0099999998
$GPGGA,14718,-64.873306,492.96936,-0.0099999998
$GPGGA,14751,-65.095474,493.95547,-0.0099999998
$GPGGA,14784,-65.206558,494.94156,-0.0099999998
$GPGGA,14817,-65.428726,495.92767,-0.0099999998
$GPGGA,14850,-65.53981,496.91379,-0.0099999998
$GPGGA,14883,-65.761978,497.98206,-0.0099999998
$GPGGA,14916,-65.873062,498.96817,-0.0099999998
$GPGGA,14949,-66.09523,499.95425,-0.0099999998
$GPGGA,14982,-66.206314,500.94037,-0.0099999998
$GPGGA,15015,-66.317406,501.92645,-0.0099999998
$GPGGA,15048,-66.539574,502.91257,-0.0099999998
$GPGGA,15081,-66.761742,503.98083,-0.0099999998
$GPGGA,15114,-66.872826,504.96695,-0.0099999998
$GPGGA,15147,-67.094994,505.95306,-0.0099999998
$GPGGA,15180,-67.206078,506.93915,-0.0099999998
$GPGGA,15213,-67.317162,507.92526,-0.0099999998
$GPGGA,15246,-67.53933,508.99353,-0.0099999998
$GPGGA,15279,-67.761497,510.06183,-0.0099999998
$GPGGA,15312,-67.983665,511.1301,-0.0099999998
$GPGGA,15345,-68.205841,512.28058,-0.0099999998
$GPGGA,15378,-68.316925,513.34882,-0.0099999998
$GPGGA,15411,-68.650177,514.41711,-0.0099999998
$GPGGA,15444,-68.761261,515.56757,-0.0099999998
$GPGGA,15477,-68.983429,516.63586,-0.0099999998
$GPGGA,15510,-69.205597,517.7041,-0.0099999998
$GPGGA,15543,-69.427765,518.85455,-0.0099999998
$GPGGA,15576,-69.649933,519.92285,-0.0099999998
$GPGGA,15609,-69.872101,520.99115,-0.0099999998
$GPGGA,15642,-70.094269,522.1416,-0.0099999998
$GPGGA,15675,-70.316444,523.20984,-0.0099999998
$GPGGA,15708,-70.427528,524.27814,-0.0099999998
$GPGGA,15741,-70.649696,525.42859,-0.0099999998
$GPGGA,15774,-70.871864,526.49689,-0.0099999998
$GPGGA,15807,-71.094032,527.56512,-0.0099999998
$GPGGA,15840,-71.3162,528.71558,-0.0099999998
$GPGGA,15873,-71.538368,529.78387,-0.0099999998
$GPGGA,15906,-71.760536,530.85217,-0.0099999998
$GPGGA,15939,-71.982704,532.00262,-0.0099999998
$GPGGA,15972,-72.20488,533.07086,-0.0099999998
$GPGGA,16005,-72.427048,534.22131,-0.0099999998
$GPGGA,16038,-72.538132,535.28961,-0.0099999998
$GPGGA,16071,-72.7603,536.35791,-0.0099999998
$GPGGA,16104,-72.982468,537.50836,-0.0099999998
$GPGGA,16137,-73.204636,538.57666,-0.0099999998
$GPGGA,16170,-73.426804,539.6449,-0.0099999998
$GPGGA,16203,-73.648972,540.79535,-0.0099999998
$GPGGA,16236,-73.87114,541.86365,-0.0099999998
$GPGGA,16269,-74.093315,543.0141,-0.0099999998
$GPGGA,16302,-74.315483,544.2467,-0.0099999998
$GPGGA,16335,-74.426567,545.39716,-0.0099999998
$GPGGA,16368,-74.648735,546.62982,-0.0099999998
$GPGGA,16401,-74.870903,547.78027,-0.0099999998
$GPGGA,16434,-75.093071,549.01288,-0.0099999998
$GPGGA,16467,-75.315239,550.16333,-0.0099999998
$GPGGA,16500,-75.426323,551.396,-0.0099999998
$GPGGA,16533,-75.648491,552.54645,-0.0099999998
$GPGGA,16566,-75.870659,553.77905,-0.0099999998
$GPGGA,16599,-76.092834,554.9295,-0.0099999998
$GPGGA,16632,-76.315002,556.16211,-0.0099999998
$GPGGA,16665,-76.426086,557.31256,-0.0099999998
$GPGGA,16698,-76.648254,558.46307,-0.0099999998
$GPGGA,16731,-76.870422,559.69568,-0.0099999998
$GPGGA,16764,-77.09259,560.84613,-0.0099999998
$GPGGA,16797,-77.314758,562.07874,-0.0099999998
$GPGGA,16830,-77.536926,563.22919,-0.0099999998
$GPGGA,16863,-77.64801,564.46185,-0.0099999998
$GPGGA,16896,-77.870178,565.6123,-0.0099999998
$GPGGA,16929,-78.092354,566.84491,-0.0099999998
$GPGGA,16962,-78.314522,567.99536,-0.0099999998
$GPGGA,16995,-78.53669,569.22803,-0.0099999998
$GPGGA,17028,-78.647774,570.37848,-0.0099999998
$GPGGA,17061,-78.869942,571.61108,-0.0099999998
$GPGGA,17094,-79.09211,572.76154,-0.0099999998
$GPGGA,17127,-79.314278,573.99414,-0.0099999998
$GPGGA,17160,-79.536446,575.06244,-0.0099999998
$GPGGA,17193,-79.64753,576.13074,-0.0099999998
$GPGGA,17226,-79.869705,577.11682,-0.0099999998
$GPGGA,17259,-79.980789,578.10291,-0.0099999998
$GPGGA,17292,-80.202957,579.08905,-0.0099999998
$GPGGA,17325,-80.425125,580.07513,-0.0099999998
$GPGGA,17358,-80.536209,581.06122,-0.0099999998
$GPGGA,17391,-80.758377,582.12952,-0.0099999998
$GPGGA,17424,-80.869461,583.1156,-0.0099999998
$GPGGA,17457,-81.091629,584.10175,-0.0099999998
$GPGGA,17490,-81.313797,585.08783,-0.0099999998
$GPGGA,17523,-81.424881,586.07391,-0.0099999998
$GPGGA,17556,-81.647049,587.06006,-0.0099999998
$GPGGA,17589,-81.869225,588.1283,-0.0099999998
$GPGGA,17622,-81.980309,589.11444,-0.0099999998
$GPGGA,17655,-82.202477,590.10052,-0.0099999998
$GPGGA,17688,-82.31356,591.08661,-0.0099999998
$GPGGA,17721,-82.535728,592.07269,-0.0099999998
$GPGGA,17754,-82.757896,593.05884,-0.0099999998
$GPGGA,17787,-82.86898,594.12708,-0.0099999998
$GPGGA,17820,-83.091148,595.11322,-0.0099999998
$GPGGA,17853,-83.202232,596.0993,-0.0099999998
$GPGGA,17886,-83.4244,597.08539,-0.0099999998
$GPGGA,17919,-83.646568,598.07153,-0.0099999998
$GPGGA,17952,-83.757652,599.13977,-0.0099999998
$GPGGA,17985,-83.979828,600.12592,-0.0099999998
$GPGGA,18018,-84.090912,601.112,-0.0099999998
$GPGGA,18051,-84.31308,602.09808,-0.0099999998
$GPGGA,18084,-84.535248,603.08423,-0.0099999998
$GPGGA,18117,-84.646332,604.07031,-0.0099999998
$GPGGA,18150,-84.8685,605.13861,-0.0099999998
$GPGGA,18183,-85.090668,606.12469,-0.0099999998
$GPGGA,18216,-85.201752,607.11078,-0.0099999998
$GPGGA,18249,-85.42392,608.17908,-0.02
$GPGGA,18282,-85.646088,609.32953,-0.02
$GPGGA,18315,-85.868263,610.56213,-0.02
$GPGGA,18348,-86.090431,611.7948,-0.02
$GPGGA,18381,-86.312599,613.0274,-0.02
$GPGGA,18414,-86.534767,614.26007,-0.02
$GPGGA,18447,-86.756935,615.49268,-0.02
$GPGGA,18480,-86.979103,616.64313,-0.02
$GPGGA,18513,-87.090187,617.87573,-0.02
$GPGGA,18546,-87.312355,619.1084,-0.02
$GPGGA,18579,-87.534523,620.341,-0.02
$GPGGA,18612,-87.756699,621.49146,-0.02
$GPGGA,18645,-87.978867,622.72412,-0.02
$GPGGA,18678,-88.201035,623.95673,-0.02
$GPGGA,18711,-88.423203,625.18933,-0.02
$GPGGA,18744,-88.64537,626.422,-0.02
$GPGGA,18777,-88.867538,627.57245,-0.02
$GPGGA,18810,-89.089706,628.80505,-0.02
$GPGGA,18843,-89.311874,630.03772,-0.02
$GPGGA,18876,-89.534042,631.27032,-0.02
$GPGGA,18909,-89.756218,632.50293,-0.02
$GPGGA,18942,-89.978386,633.65338,-0.02
$GPGGA,18975,-90.200554,634.88605,-0.02
$GPGGA,19008,-90.422722,636.11865,-0.02
$GPGGA,19041,-90.64489,637.35132,-0.02
$GPGGA,19074,-90.867058,638.50177,-0.02
$GPGGA,19107,-91.089226,639.73438,-0.02
$GPGGA,19140,-91.311394,640.96698,-0.02
$GPGGA,19173,-91.422478,642.03528,-0.02
$GPGGA,19206,-91.644653,643.02136,-0.02
$GPGGA,19239,-91.755737,644.00751,-0.02
$GPGGA,19272,-91.977905,644.99359,-0.02
$GPGGA,19305,-92.088989,645.97968,-0.02
$GPGGA,19338,-92.311157,646.96582,-0.02
$GPGGA,19371,-92.422241,647.9519,-0.02
$GPGGA,19404,-92.644409,648.93799,-0.02
$GPGGA,19437,-92.755493,649.92413,-0.02
$GPGGA,19470,-92.977661,650.99237,-0.02
$GPGGA,19503,-93.088745,651.97852,-0.02
$GPGGA,19536,-93.310913,652.9646,-0.02
$GPGGA,19569,-93.421997,653.95068,-0.02
$GPGGA,19602,-93.644173,654.93677,-0.02
$GPGGA,19635,-93.755257,655.92291,-0.02
$GPGGA,19668,-93.977425,656.909,-0.02
$GPGGA,19701,-94.088509,657.89508,-0.02
$GPGGA,19734,-94.310677,658.88123,-0.02
$GPGGA,19767,-94.421761,659.94946,-0.02
$GPGGA,19800,-94.643929,660.93561,-0.02
$GPGGA,19833,-94.755013,661.92169,-0.02
$GPGGA,19866,-94.97718,662.90778,-0.02
$GPGGA,19899,-95.088264,663.89392,-0.02
$GPGGA,19932,-95.199348,664.88,-0.02
$GPGGA,19965,-95.421516,665.86609,-0.02
$GPGGA,19998,-95.5326,666.85223,-0.02
$GPGGA,20031,-95.754776,667.83832,-0.02
$GPGGA,20064,-95.86586,668.8244,-0.02
$GPGGA,20097,-96.088028,669.8927,-0.02
$GPGGA,20130,-96.199112,670.87878,-0.02
$GPGGA,20163,-96.42128,671.86487,-0.02
$GPGGA,20196,-96.532364,672.85101,-0.02
$GPGGA,20229,-96.754532,673.8371,-0.02
$GPGGA,20262,-96.9767,674.9054,-0.02
$GPGGA,20295,-97.087784,675.97363,-0.02
$GPGGA,20328,-97.309952,677.12408,-0.02
$GPGGA,20361,-97.532127,678.19238,-0.02
$GPGGA,20394,-97.754295,679.34283,-0.02
$GPGGA,20427,-97.976463,680.41113,-0.02
$GPGGA,20460,-98.198631,681.56158,-0.02
$GPGGA,20493,-98.420799,682.62988,-0.02
$GPGGA,20526,-98.642967,683.78033,-0.02
$GPGGA,20559,-98.865135,684.84857,-0.02
$GPGGA,20592,-99.087303,685.99902,-0.02
$GPGGA,20625,-99.309471,687.06732,-0.02
$GPGGA,20658,-99.531647,688.21777,-0.02
$GPGGA,20691,-99.753815,689.28607,-0.02
$GPGGA,20724,-99.975983,690.43652,-0.02
$GPGGA,20757,-100.19815,691.50476,-0.02
$GPGGA,20790,-100.42032,692.65521,-0.02
$GPGGA,20823,-100.64249,693.72351,-0.02
$GPGGA,20856,-100.86465,694.87396,-0.02
$GPGGA,20889,-101.08682,695.94226,-0.02
$GPGGA,20922,-101.30899,697.09271,-0.02
$GPGGA,20955,-101.53117,698.16095,-0.02
$GPGGA,20988,-101.75333,699.31146,-0.02
$GPGGA,21021,-101.9755,700.3797,-0.02
$GPGGA,21054,-102.08659,701.53015,-0.02
$GPGGA,21087,-102.30875,702.59845,-0.02
$GPGGA,21120,-102.53092,703.7489,-0.02
$GPGGA,21153,-102.75309,704.8172,-0.02
$GPGGA,21186,-102.97526,705.96765,-0.02
$GPGGA,21219,-103.19743,707.03589,-0.02
$GPGGA,21252,-103.41959,708.02203,-0.02
$GPGGA,21285,-103.53069,709.00812,-0.02
$GPGGA,21318,-103.75285,709.9942,-0.02
$GPGGA,21351,-103.97502,711.0625,-0.02
$GPGGA,21384,-104.08611,712.04858,-0.02
$GPGGA,21417,-104.30827,713.03473,-0.02
$GPGGA,21450,-104.41936,714.02081,-0.02
$GPGGA,21483,-104.64153,715.0069,-0.02
$GPGGA,21516,-104.86369,715.99298,-0.02
$GPGGA,21549,-104.97478,717.06128,-0.02
$GPGGA,21582,-105.19695,718.04736,-0.02
$GPGGA,21615,-105.30803,719.03351,-0.02
$GPGGA,21648,-105.5302,720.01959,-0.02
$GPGGA,21681,-105.75237,721.00568,-0.02
$GPGGA,21714,-105.86346,721.99182,-0.02
$GPGGA,21747,-106.08562,722.97791,-0.02
$GPGGA,21780,-106.19671,724.0462,-0.02
$GPGGA,21813,-106.41888,725.03229,-0.02
$GPGGA,21846,-106.64104,726.01837,-0.02
$GPGGA,21879,-106.75213,727.00452,-0.02
$GPGGA,21912,-106.9743,727.9906,-0.02
$GPGGA,21945,-107.19646,728.97668,-0.02
$GPGGA,21978,-107.30755,729.96283,-0.02
$GPGGA,22011,-107.52972,731.03107,-0.02
$GPGGA,22044,-107.64081,732.01721,-0.02
$GPGGA,22077,-107.86298,733.0033,-0.02
$GPGGA,22110,-108.08514,733.98938,-0.02
$GPGGA,22143,-108.19623,734.97552,-0.02
$GPGGA,22176,-108.4184,735.96161,-0.02
$GPGGA,22209,-108.52948,737.02985,-0.02
$GPGGA,22242,-108.75165,738.01599,-0.02
$GPGGA,22275,-108.97382,739.00208,-0.02
$GPGGA,22308,-109.0849,739.98816,-0.02
$GPGGA,22341,-109.30707,741.13861,-0.02
$GPGGA,22374,-109.52924,742.37128,-0.02
$GPGGA,22407,-109.75141,743.60388,-0.02
$GPGGA,22440,-109.97358,744.83655,-0.02
$GPGGA,22473,-110.19575,746.06915,-0.02
$GPGGA,22506,-110.41792,747.2196,-0.02
$GPGGA,22539,-110.64008,748.45221,-0.02
$GPGGA,22572,-110.86225,749.68488,-0.02
$GPGGA,22605,-111.08442,750.91748,-0.02
$GPGGA,22638,-111.30659,752.15015,-0.02
$GPGGA,22671,-111.52876,753.3006,-0.02
$GPGGA,22704,-111.75093,754.5332,-0.02
$GPGGA,22737,-111.9731,755.76581,-0.02
$GPGGA,22770,-112.19527,756.99847,-0.02
$GPGGA,22803,-112.41743,758.23108,-0.02
$GPGGA,22836,-112.52852,759.38153,-0.02
$GPGGA,22869,-112.75069,760.6142,-0.02
$GPGGA,22902,-112.97285,761.8468,-0.02
$GPGGA,22935,-113.19502,763.07941,-0.02
$GPGGA,22968,-113.4172,764.31207,-0.02
$GPGGA,23001,-113.63937,765.46252,-0.02
$GPGGA,23034,-113.86153,766.69513,-0.02
$GPGGA,23067,-114.0837,767.9278,-0.02
$GPGGA,23100,-114.30587,769.1604,-0.02
$GPGGA,23133,-114.52804,770.39301,-0.02
$GPGGA,23166,-114.75021,771.54346,-0.02
$GPGGA,23199,-114.97237,772.77612,-0.02
$GPGGA,23232,-115.19454,773.92657,-0.02
$GPGGA,23265,-115.41672,775.07703,-0.02
$GPGGA,23298,-115.5278,776.14532,-0.02
$GPGGA,23331,-115.74997,777.21356,-0.02
$GPGGA,23364,-115.97214,778.36401,-0.02
$GPGGA,23397,-116.19431,779.43231,-0.02
$GPGGA,23430,-116.30539,780.50061,-0.02
$GPGGA,23463,-116.52756,781.65106,-0.02
$GPGGA,23496,-116.74973,782.7193,-0.02
$GPGGA,23529,-116.97189,783.7876,-0.02
$GPGGA,23562,-117.08298,784.93805,-0.02
$GPGGA,23595,-117.30515,786.00635,-0.02
$GPGGA,23628,-117.52732,787.07458,-0.02
$GPGGA,23661,-117.74949,788.22504,-0.02
$GPGGA,23694,-117.97166,789.29333,-0.02
$GPGGA,23727,-118.08274,790.36163,-0.02
$GPGGA,23760,-118.30491,791.51208,-0.02
$GPGGA,23793,-118.52708,792.58032,-0.02
$GPGGA,23826,-118.74924,793.73077,-0.02
$GPGGA,23859,-118.86033,794.79907,-0.02
$GPGGA,23892,-119.0825,795.86737,-0.02
$GPGGA,23925,-119.30467,797.01782,-0.02
$GPGGA,23958,-119.52684,798.08612,-0.02
$GPGGA,23991,-119.63792,799.15436,-0.02
$GPGGA,24024,-119.86009,800.30481,-0.02
$GPGGA,24057,-120.08226,801.37311,-0.02
$GPGGA,24090,-120.30443,802.44141,-0.02
$GPGGA,24123,-120.5266,803.59186,-0.02
$GPGGA,24156,-120.63768,804.6601,-0.02
$GPGGA,24189,-120.85985,805.72839,-0.02
$GPGGA,24222,-121.08202,806.87885,-0.02
$GPGGA,24255,-121.30419,807.94714,-0.02
$GPGGA,24288,-121.41528,809.01538,-0.02
$GPGGA,24321,-121.63744,810.08368,-0.02
$GPGGA,24354,-121.85961,811.15198,-0.02
$GPGGA,24387,-122.08178,812.22021,-0.02
$GPGGA,24420,-122.19286,813.28851,-0.02
$GPGGA,24453,-122.41503,814.35681,-0.02
$GPGGA,24486,-122.6372,815.42505,-0.02
$GPGGA,24519,-122.85937,816.49335,-0.02
$GPGGA,24552,-122.97045,817.56165,-0.02
$GPGGA,24585,-123.19262,818.7121,-0.02
$GPGGA,24618,-123.41479,819.78033,-0.02
$GPGGA,24651,-123.63696,820.84863,-0.02
$GPGGA,24684,-123.85913,821.91693,-0.02
$GPGGA,24717,-123.97021,822.98517,-0.02
$GPGGA,24750,-124.19238,824.05347,-0.02
$GPGGA,24783,-124.41455,825.12177,-0.02
$GPGGA,24816,-124.63672,826.19,-0.02
$GPGGA,24849,-124.7478,827.2583,-0.02
$GPGGA,24882,-124.96997,828.3266,-0.02
$GPGGA,24915,-125.19214,829.39484,-0.02
$GPGGA,24948,-125.41431,830.46313,-0.02
$GPGGA,24981,-125.5254,831.61359,-0.02
$GPGGA,25014,-125.74757,832.68188,-0.02
$GPGGA,25047,-125.96973,833.75018,-0.02
$GPGGA,25080,-126.1919,834.81842,-0.02
$GPGGA,25113,-126.41407,835.88672,-0.02
$GPGGA,25146,-126.52515,836.95502,-0.02
$GPGGA,25179,-126.74732,838.02325,-0.02
$GPGGA,25212,-126.96949,839.09155,-0.02
$GPGGA,25245,-127.08057,840.07764,-0.02
$GPGGA,25278,-127.30275,841.06372,-0.02
$GPGGA,25311,-127.52492,842.04987,-0.02
$GPGGA,25344,-127.636,843.03595,-0.02
$GPGGA,25377,-127.85817,844.02203,-0.02
$GPGGA,25410,-127.96925,845.00818,-0.02
$GPGGA,25443,-128.19142,845.99426,-0.02
$GPGGA,25476,-128.41359,846.98035,-0.02
$GPGGA,25509,-128.52467,847.88428,-0.02
$GPGGA,25542,-128.74684,848.87042,-0.02
$GPGGA,25575,-128.85793,849.85651,-0.02
$GPGGA,25608,-129.08009,850.84259,-0.02
$GPGGA,25641,-129.30226,851.82874,-0.02
$GPGGA,25674,-129.41335,852.81482,-0.02
$GPGGA,25707,-129.63551,853.8009,-0.02
$GPGGA,25740,-129.7466,854.78705,-0.02
$GPGGA,25773,-129.96877,855.77313,-0.02
$GPGGA,25806,-130.19093,856.75922,-0.02
$GPGGA,25839,-130.30203,857.66315,-0.02
$GPGGA,25872,-130.5242,858.64923,-0.02
$GPGGA,25905,-130.74637,859.63538,-0.02
$GPGGA,25938,-130.85745,860.62146,-0.02
$GPGGA,25971,-131.07962,861.60754,-0.02
$GPGGA,26004,-131.1907,862.59369,-0.02
$GPGGA,26037,-131.41287,863.57977,-0.02
$GPGGA,26070,-131.63504,864.56586,-0.02
$GPGGA,26103,-131.74612,865.552,-0.02
$GPGGA,26136,-131.96829,866.53809,-0.02
$GPGGA,26169,-132.07938,867.44202,-0.02
$GPGGA,26202,-132.30154,868.4281,-0.02
$GPGGA,26235,-132.52371,869.41418,-0.02
$GPGGA,26268,-132.6348,870.40033,-0.02
$GPGGA,26301,-132.85696,871.38641,-0.02
$GPGGA,26334,-132.96805,872.3725,-0.02
$GPGGA,26367,-133.19022,873.52295,-0.02
$GPGGA,26400,-133.41238,874.50909,-0.02
$GPGGA,26433,-133.52347,875.57733,-0.02
$GPGGA,26466,-133.74564,876.64563,-0.02
$GPGGA,26499,-133.85672,877.71393,-0.02
$GPGGA,26532,-134.07889,878.78217,-0.02
$GPGGA,26565,-134.30107,879.85046,-0.02
$GPGGA,26598,-134.41216,880.91876,-0.02
$GPGGA,26631,-134.63432,881.987,-0.02
$GPGGA,26664,-134.74541,883.0553,-0.02
$GPGGA,26697,-134.96758,884.1236,-0.02
$GPGGA,26730,-135.07866,885.19183,-0.02
$GPGGA,26763,-135.30083,886.26013,-0.02
$GPGGA,26796,-135.52299,887.32843,-0.02
$GPGGA,26829,-135.63408,888.31451,-0.02
$GPGGA,26862,-135.85625,889.38281,-0.02
$GPGGA,26895,-135.96733,890.45105,-0.02
$GPGGA,26928,-136.1895,891.51935,-0.02
$GPGGA,26961,-136.41167,892.58765,-0.02
$GPGGA,26994,-136.52275,893.65594,-0.02
$GPGGA,27027,-136.74492,894.72418,-0.02
$GPGGA,27060,-136.856,895.79248,-0.02
$GPGGA,27093,-137.07817,896.86078,-0.02
$GPGGA,27126,-137.30034,897.92902,-0.02
$GPGGA,27159,-137.41142,898.99731,-0.02
$GPGGA,27192,-137.63359,900.06561,-0.02
$GPGGA,27225,-137.74467,901.13385,-0.02
$GPGGA,27258,-137.96684,902.20215,-0.02
$GPGGA,27291,-138.18901,903.18823,-0.02
$GPGGA,27324,-138.30011,904.25653,-0.02
$GPGGA,27357,-138.52228,905.40698,-0.029999999
$GPGGA,27390,-138.74445,906.47528,-0.029999999
$GPGGA,27423,-138.96661,907.62573,-0.029999999
$GPGGA,27456,-139.18878,908.77618,-0.029999999
$GPGGA,27489,-139.41095,909.92664,-0.029999999
$GPGGA,27522,-139.63312,911.07709,-0.029999999
$GPGGA,27555,-139.85529,912.22754,-0.029999999
$GPGGA,27588,-140.07745,913.37799,-0.029999999
$GPGGA,27621,-140.29962,914.52844,-0.029999999
$GPGGA,27654,-140.52179,915.67889,-0.029999999
$GPGGA,27687,-140.74396,916.74719,-0.029999999
$GPGGA,27720,-140.96613,917.89764,-0.029999999
$GPGGA,27753,-141.07721,919.0481,-0.029999999
$GPGGA,27786,-141.29938,920.19855,-0.029999999
$GPGGA,27819,-141.52155,921.349,-0.029999999
$GPGGA,27852,-141.74371,922.49945,-0.029999999
$GPGGA,27885,-141.96588,923.6499,-0.029999999
$GPGGA,27918,-142.18805,924.80035,-0.029999999
$GPGGA,27951,-142.41023,925.86859,-0.029999999
$GPGGA,27984,-142.6324,927.01904,-0.029999999
$GPGGA,28017,-142.85457,928.16949,-0.029999999
$GPGGA,28050,-143.07674,929.31995,-0.029999999
$GPGGA,28083,-143.2989,930.47046,-0.029999999
$GPGGA,28116,-143.52107,931.62091,-0.029999999
$GPGGA,28149,-143.74324,932.77136,-0.029999999
$GPGGA,28182,-143.96541,933.8396,-0.029999999
$GPGGA,28215,-144.18758,934.99005,-0.029999999
$GPGGA,28248,-144.40974,936.1405,-0.029999999
$GPGGA,28281,-144.63191,937.29095,-0.029999999
$GPGGA,28314,-144.85408,938.44141,-0.029999999
$GPGGA,28347,-145.07625,939.5097,-0.029999999
$GPGGA,28380,-145.18733,940.578,-0.029999999
$GPGGA,28413,-145.4095,941.72845,-0.029999999
$GPGGA,28446,-145.52058,942.79669,-0.029999999
$GPGGA,28479,-145.74275,943.86499,-0.029999999
$GPGGA,28512,-145.96492,945.01544,-0.029999999
$GPGGA,28545,-146.076,946.08374,-0.029999999
$GPGGA,28578,-146.29819,947.15198,-0.029999999
$GPGGA,28611,-146.52036,948.30249,-0.029999999
$GPGGA,28644,-146.63144,949.37073,-0.029999999
$GPGGA,28677,-146.85361,950.43903,-0.029999999
$GPGGA,28710,-146.96469,951.50732,-0.029999999
$GPGGA,28743,-147.18686,952.65778,-0.029999999
$GPGGA,28776,-147.40903,953.72601,-0.029999999
$GPGGA,28809,-147.52011,954.79431,-0.029999999
$GPGGA,28842,-147.74228,955.94476,-0.029999999
$GPGGA,28875,-147.96445,957.01306,-0.029999999
$GPGGA,28908,-148.07553,958.0813,-0.029999999
$GPGGA,28941,-148.2977,959.1496,-0.029999999
$GPGGA,28974,-148.40878,960.30005,-0.029999999
$GPGGA,29007,-148.63095,961.36835,-0.029999999
$GPGGA,29040,-148.85312,962.43658,-0.029999999
$GPGGA,29073,-148.9642,963.58704,-0.029999999
$GPGGA,29106,-149.18637,964.65533,-0.029999999
$GPGGA,29139,-149.40854,965.72363,-0.029999999
$GPGGA,29172,-149.51962,966.79187,-0.029999999
$GPGGA,29205,-149.74179,967.94232,-0.029999999
$GPGGA,29238,-149.96396,969.01062,-0.029999999
$GPGGA,29271,-150.07504,970.07892,-0.029999999
$GPGGA,29304,-150.29723,971.22937,-0.029999999
$GPGGA,29337,-150.40831,972.29761,-0.029999999
$GPGGA,29370,-150.63048,973.36591,-0.029999999
$GPGGA,29403,-150.85265,974.51636,-0.029999999
$GPGGA,29436,-151.07481,975.58466,-0.029999999
$GPGGA,29469,-151.29698,976.65295,-0.029999999
$GPGGA,29502,-151.40807,977.80341,-0.029999999
$GPGGA,29535,-151.63023,978.87164,-0.029999999
$GPGGA,29568,-151.8524,979.93994,-0.029999999
$GPGGA,29601,-152.07457,981.09039,-0.029999999
$GPGGA,29634,-152.18565,982.15869,-0.029999999
$GPGGA,29667,-152.40782,983.22693,-0.029999999
$GPGGA,29700,-152.62999,984.29523,-0.029999999
$GPGGA,29733,-152.85216,985.44568,-0.029999999
$GPGGA,29766,-152.96324,986.51398,-0.029999999
$GPGGA,29799,-153.18541,987.58221,-0.029999999
$GPGGA,29832,-153.40758,988.73267,-0.029999999
$GPGGA,29865,-153.62975,989.80096,-0.029999999
$GPGGA,29898,-153.74083,990.86926,-0.029999999
$GPGGA,29931,-153.963,992.01971,-0.029999999
$GPGGA,29964,-154.18517,993.08795,-0.029999999
$GPGGA,29997,-154.40735,994.15625,-0.029999999
$GPGGA,30030,-154.62952,995.3067,-0.029999999
$GPGGA,30063,-154.7406,996.375,-0.029999999
$GPGGA,30096,-154.96277,997.44324,-0.029999999
$GPGGA,30129,-155.18494,998.59369,-0.029999999
$GPGGA,30162,-155.4071,999.66199,-0.029999999
$GPGGA,30195,-155.51819,1000.7303,-0.029999999
$GPGGA,30228,-155.74036,1001.8807,-0.029999999
$GPGGA,30261,-155.96252,1002.949,-0.029999999
$GPGGA,30294,-156.18469,1004.0173,-0.029999999
$GPGGA,30327,-156.29578,1005.1677,-0.039999999
$GPGGA,30360,-156.51794,1006.4004,-0.039999999
$GPGGA,30393,-156.62903,1007.633,-0.039999999
$GPGGA,30426,-156.8512,1008.7834,-0.039999999
$GPGGA,30459,-156.96228,1010.0161,-0.039999999
$GPGGA,30492,-157.18445,1011.2487,-0.039999999
$GPGGA,30525,-157.40662,1012.4813,-0.039999999
$GPGGA,30558,-157.5177,1013.6318,-0.039999999
$GPGGA,30591,-157.73987,1014.8644,-0.039999999
$GPGGA,30624,-157.85095,1016.097,-0.039999999
$GPGGA,30657,-158.07312,1017.3297,-0.039999999
$GPGGA,30690,-158.1842,1018.5623,-0.039999999
$GPGGA,30723,-158.40639,1019.7128,-0.039999999
$GPGGA,30756,-158.51747,1020.9454,-0.039999999
$GPGGA,30789,-158.73964,1022.178,-0.039999999
$GPGGA,30822,-158.85072,1023.4106,-0.039999999
$GPGGA,30855,-159.07289,1024.6433,-0.039999999
$GPGGA,30888,-159.29506,1025.7937,-0.039999999
$GPGGA,30921,-159.40614,1027.0264,-0.039999999
$GPGGA,30954,-159.62831,1028.259,-0.039999999
$GPGGA,30987,-159.7394,1029.4916,-0.039999999
$GPGGA,31020,-159.96156,1030.7242,-0.039999999
$GPGGA,31053,-160.07265,1031.8748,-0.039999999
$GPGGA,31086,-160.29482,1033.1073,-0.039999999
$GPGGA,31119,-160.4059,1034.34,-0.039999999
$GPGGA,31152,-160.62807,1035.5726,-0.039999999
$GPGGA,31185,-160.73915,1036.8052,-0.039999999
$GPGGA,31218,-160.96132,1037.9557,-0.039999999
$GPGGA,31251,-161.0724,1039.1061,-0.039999999
$GPGGA,31284,-161.18349,1040.1744,-0.039999999
$GPGGA,31317,-161.40565,1041.2427,-0.039999999
$GPGGA,31350,-161.51674,1042.3932,-0.039999999
$GPGGA,31383,-161.62782,1043.4614,-0.039999999
$GPGGA,31416,-161.73891,1044.5297,-0.039999999
$GPGGA,31449,-161.96107,1045.6802,-0.039999999
$GPGGA,31482,-162.07216,1046.7484,-0.039999999
$GPGGA,31515,-162.18324,1047.8167,-0.039999999
$GPGGA,31548,-162.29433,1048.9672,-0.039999999
$GPGGA,31581,-162.51651,1050.0354,-0.039999999
$GPGGA,31614,-162.62759,1051.1038,-0.039999999
$GPGGA,31647,-162.73868,1052.2542,-0.039999999
$GPGGA,31680,-162.84976,1053.3224,-0.039999999
$GPGGA,31713,-163.07193,1054.4729,-0.039999999
$GPGGA,31746,-163.18301,1055.5411,-0.039999999
$GPGGA,31779,-163.2941,1056.6095,-0.039999999
$GPGGA,31812,-163.51627,1057.7599,-0.039999999
$GPGGA,31845,-163.62735,1058.8281,-0.039999999
$GPGGA,31878,-163.73843,1059.8965,-0.039999999
$GPGGA,31911,-163.84952,1061.0469,-0.039999999
$GPGGA,31944,-164.07169,1062.1152,-0.039999999
$GPGGA,31977,-164.18277,1063.1835,-0.039999999
$GPGGA,32010,-164.29385,1064.3339,-0.039999999
$GPGGA,32043,-164.40494,1065.4022,-0.039999999
$GPGGA,32076,-164.62711,1066.4705,-0.039999999
$GPGGA,32109,-164.73819,1067.621,-0.039999999
$GPGGA,32142,-164.84927,1068.6892,-0.039999999
$GPGGA,32175,-164.96036,1069.7574,-0.039999999
$GPGGA,32208,-165.18253,1070.908,-0.039999999
$GPGGA,32241,-165.29361,1071.894,-0.050000001
$GPGGA,32274,-165.40469,1072.9623,-0.050000001
$GPGGA,32307,-165.51578,1073.9485,-0.050000001
$GPGGA,32340,-165.51578,1075.0167,-0.050000001
$GPGGA,32373,-165.62686,1076.0028,-0.050000001
$GPGGA,32406,-165.73795,1076.9889,-0.050000001
$GPGGA,32439,-165.84903,1078.0573,-0.050000001
$GPGGA,32472,-165.96011,1079.0433,-0.050000001
$GPGGA,32505,-166.0712,1080.1116,-0.050000001
$GPGGA,32538,-166.18228,1081.0977,-0.050000001
$GPGGA,32571,-166.29337,1082.0837,-0.050000001
$GPGGA,32604,-166.40445,1083.1521,-0.050000001
$GPGGA,32637,-166.51555,1084.1382,-0.050000001
$GPGGA,32670,-166.62663,1085.2064,-0.050000001
$GPGGA,32703,-166.73772,1086.1925,-0.050000001
$GPGGA,32736,-166.73772,1087.1786,-0.050000001
$GPGGA,32769,-166.8488,1088.2469,-0.050000001
$GPGGA,32802,-166.95988,1089.233,-0.050000001
$GPGGA,32835,-167.07097,1090.3013,-0.050000001
$GPGGA,32868,-167.18205,1091.2874,-0.050000001
$GPGGA,32901,-167.29314,1092.2736,-0.050000001
$GPGGA,32934,-167.40422,1093.3418,-0.050000001
$GPGGA,32967,-167.5153,1094.3279,-0.050000001
$GPGGA,33000,-167.62639,1095.3961,-0.050000001
$GPGGA,33033,-167.73747,1096.3823,-0.050000001
$GPGGA,33066,-167.84856,1097.3684,-0.050000001
$GPGGA,33099,-167.95964,1098.4366,-0.050000001
$GPGGA,33132,-168.07072,1099.4227,-0.050000001
$GPGGA,33165,-168.18181,1100.4911,-0.050000001
$GPGGA,33198,-168.29289,1101.4772,-0.050000001
$GPGGA,33231,-168.29289,1102.4633,-0.050000001
$GPGGA,33264,-168.40398,1103.5315,-0.050000001
$GPGGA,33297,-168.51506,1104.5176,-0.050000001
$GPGGA,33330,-168.62614,1105.5859,-0.050000001
$GPGGA,33363,-168.73723,1106.6542,-0.050000001
$GPGGA,33396,-168.84831,1107.8047,-0.050000001
$GPGGA,33429,-168.9594,1108.8729,-0.050000001
$GPGGA,33462,-169.07048,1109.9412,-0.050000001
$GPGGA,33495,-169.18156,1111.0917,-0.050000001
$GPGGA,33528,-169.18156,1112.1599,-0.050000001
$GPGGA,33561,-169.29265,1113.3104,-0.050000001
$GPGGA,33594,-169.40373,1114.3787,-0.050000001
$GPGGA,33627,-169.51482,1115.4469,-0.050000001
$GPGGA,33660,-169.6259,1116.5974,-0.050000001
$GPGGA,33693,-169.73698,1117.6656,-0.050000001
$GPGGA,33726,-169.84807,1118.7339,-0.050000001
$GPGGA,33759,-169.95915,1119.8844,-0.050000001
$GPGGA,33792,-169.95915,1120.9526,-0.050000001
$GPGGA,33825,-170.07024,1122.021,-0.050000001
$GPGGA,33858,-170.18132,1123.1714,-0.050000001
$GPGGA,73891,-170.2924,1124.2396,-0.050000001
$GPGGA,73924,-170.40349,1125.308,-0.050000001
$GPGGA,73957,-170.51459,1126.4584,-0.050000001
$GPGGA,73990,-170.62567,1127.5267,-0.050000001
$GPGGA,74023,-170.73676,1128.595,-0.050000001
$GPGGA,74056,-170.73676,1129.7455,-0.050000001
$GPGGA,74089,-170.84784,1130.8137,-0.050000001
$GPGGA,74122,-170.95892,1131.882,-0.050000001
$GPGGA,74155,-171.07001,1133.0325,-0.050000001
$GPGGA,74188,-171.18109,1134.1007,-0.050000001
$GPGGA,74221,-171.29218,1135.2512,-0.050000001
$GPGGA,74254,-171.40326,1136.3195,-0.050000001
$GPGGA,74287,-171.51434,1137.3877,-0.050000001
$GPGGA,74320,-171.62543,1138.5382,-0.050000001
$GPGGA,74353,-171.62543,1139.7708,-0.050000001
$GPGGA,74386,-171.73651,1141.0034,-0.050000001
$GPGGA,74419,-171.8476,1142.2361,-0.050000001
$GPGGA,74452,-171.8476,1143.4688,-0.050000001
$GPGGA,74485,-171.95868,1144.7013,-0.050000001
$GPGGA,74518,-172.06976,1145.934,-0.050000001
$GPGGA,74551,-172.06976,1147.1666,-0.050000001
$GPGGA,74584,-172.18085,1148.3992,-0.050000001
$GPGGA,74617,-172.29193,1149.6318,-0.050000001
$GPGGA,74650,-172.40302,1150.9467,-0.050000001
$GPGGA,74683,-172.40302,1152.1793,-0.050000001
$GPGGA,74716,-172.5141,1153.4119,-0.050000001
$GPGGA,74749,-172.62518,1154.6445,-0.050000001
$GPGGA,74782,-172.62518,1155.8772,-0.050000001
$GPGGA,74815,-172.73627,1157.1097,-0.050000001
$GPGGA,74848,-172.84735,1158.3424,-0.050000001
$GPGGA,74881,-172.84735,1159.5751,-0.050000001
$GPGGA,74914,-172.95844,1160.8076,-0.050000001
$GPGGA,74947,-173.06952,1162.0403,-0.050000001
$GPGGA,74980,-173.06952,1163.2729,-0.050000001
$GPGGA,75013,-173.1806,1164.5056,-0.050000001
$GPGGA,75046,-173.29169,1165.7382,-0.050000001
$GPGGA,75079,-173.40277,1167.053,-0.050000001
$GPGGA,75112,-173.40277,1168.2035,-0.050000001
$GPGGA,75145,-173.51385,1169.5183,-0.050000001
$GPGGA,75178,-173.62494,1170.7509,-0.050000001
$GPGGA,75211,-173.73602,1171.9835,-0.050000001
$GPGGA,75244,-173.73602,1173.1339,-0.050000001
$GPGGA,75277,-173.84711,1174.3666,-0.050000001
$GPGGA,75310,-173.95819,1175.5171,-0.050000001
$GPGGA,75343,-173.95819,1176.6675,-0.050000001
$GPGGA,75376,-174.06927,1177.9001,-0.050000001
$GPGGA,75409,-174.18036,1179.0505,-0.050000001
$GPGGA,75442,-174.18036,1180.2832,-0.050000001
$GPGGA,75475,-174.29144,1181.4337,-0.050000001
$GPGGA,75508,-174.40253,1182.5841,-0.050000001
$GPGGA,75541,-174.40253,1183.8168,-0.050000001
$GPGGA,75574,-174.51361,1184.9672,-0.050000001
$GPGGA,75607,-174.62471,1186.1177,-0.050000001
$GPGGA,75640,-174.62471,1187.3503,-0.050000001
$GPGGA,75673,-174.73579,1188.5007,-0.050000001
$GPGGA,75706,-174.84688,1189.6512,-0.050000001
$GPGGA,75739,-174.84688,1190.8838,-0.050000001
$GPGGA,75772,-174.95796,1192.0343,-0.050000001
$GPGGA,75805,-175.06905,1193.2668,-0.050000001
$GPGGA,75838,-175.06905,1194.4174,-0.050000001
$GPGGA,75871,-175.18013,1195.5677,-0.050000001
$GPGGA,75904,-175.29121,1196.8004,-0.050000001
$GPGGA,75937,-175.29121,1197.9509,-0.050000001
$GPGGA,75970,-175.4023,1199.1013,-0.050000001
$GPGGA,76003,-175.51338,1200.334,-0.050000001
$GPGGA,76036,-175.51338,1201.4844,-0.050000001
$GPGGA,76069,-175.62447,1202.717,-0.050000001
$GPGGA,76102,-175.73555,1203.8676,-0.050000001
$GPGGA,76135,-175.84663,1205.0179,-0.050000001
$GPGGA,76168,-175.84663,1206.1685,-0.059999999
$GPGGA,76201,-175.84663,1207.3188,-0.059999999
$GPGGA,76234,-175.95772,1208.3872,-0.059999999
$GPGGA,76267,-175.95772,1209.5376,-0.059999999
$GPGGA,76300,-175.95772,1210.6881,-0.059999999
$GPGGA,76333,-176.0688,1211.7563,-0.059999999
$GPGGA,76366,-176.0688,1212.9067,-0.059999999
$GPGGA,76399,-176.17989,1213.9751,-0.059999999
$GPGGA,76432,-176.17989,1215.1255,-0.059999999
$GPGGA,76465,-176.17989,1216.276,-0.059999999
$GPGGA,76498,-176.29097,1217.3442,-0.059999999
$GPGGA,76531,-176.29097,1218.4948,-0.059999999
$GPGGA,76564,-176.40205,1219.563,-0.059999999
$GPGGA,76597,-176.40205,1220.7134,-0.059999999
$GPGGA,76630,-176.40205,1221.8639,-0.059999999
$GPGGA,76663,-176.51314,1222.9321,-0.059999999
$GPGGA,76696,-176.51314,1224.0826,-0.059999999
$GPGGA,76729,-176.51314,1225.233,-0.059999999
$GPGGA,76762,-176.62422,1226.3014,-0.059999999
$GPGGA,76795,-176.62422,1227.4518,-0.059999999
$GPGGA,76828,-176.73531,1228.5201,-0.059999999
$GPGGA,76861,-176.73531,1229.6705,-0.059999999
$GPGGA,76894,-176.73531,1230.821,-0.059999999
$GPGGA,76927,-176.84639,1231.8893,-0.059999999
$GPGGA,76960,-176.84639,1233.0397,-0.059999999
$GPGGA,76993,-176.95747,1234.108,-0.059999999
$GPGGA,77026,-176.95747,1235.2584,-0.059999999
$GPGGA,77059,-176.95747,1236.3268,-0.059999999
$GPGGA,77092,-177.06856,1237.4772,-0.059999999
$GPGGA,77125,-177.06856,1238.6277,-0.059999999
$GPGGA,77158,-177.06856,1239.6959,-0.059999999
$GPGGA,77191,-177.17964,1240.682,-0.059999999
$GPGGA,77224,-177.17964,1241.6681,-0.059999999
$GPGGA,77257,-177.17964,1242.6542,-0.059999999
$GPGGA,77290,-177.29073,1243.6404,-0.059999999
$GPGGA,77323,-177.29073,1244.6265,-0.059999999
$GPGGA,77356,-177.29073,1245.6947,-0.059999999
$GPGGA,77389,-177.40181,1246.6808,-0.059999999
$GPGGA,77422,-177.40181,1247.6669,-0.059999999
$GPGGA,77455,-177.40181,1248.6531,-0.059999999
$GPGGA,77488,-177.51289,1249.6392,-0.059999999
$GPGGA,77521,-177.51289,1250.6252,-0.059999999
$GPGGA,77554,-177.51289,1251.6113,-0.059999999
$GPGGA,77587,-177.62398,1252.6796,-0.059999999
$GPGGA,77620,-177.62398,1253.6658,-0.059999999
$GPGGA,77653,-177.73506,1254.6519,-0.059999999
$GPGGA,77686,-177.73506,1255.6379,-0.059999999
$GPGGA,77719,-177.73506,1256.624,-0.059999999
$GPGGA,77752,-177.84615,1257.6101,-0.059999999
$GPGGA,77785,-177.84615,1258.6783,-0.059999999
$GPGGA,77818,-177.84615,1259.6646,-0.059999999
$GPGGA,77851,-177.95723,1260.6506,-0.059999999
$GPGGA,77884,-177.95723,1261.6367,-0.059999999
$GPGGA,77917,-177.95723,1262.6228,-0.059999999
$GPGGA,77950,-178.06831,1263.6089,-0.059999999
$GPGGA,77983,-178.06831,1264.595,-0.059999999
$GPGGA,78016,-178.06831,1265.6633,-0.059999999
$GPGGA,78049,-178.1794,1266.6494,-0.059999999
$GPGGA,78082,-178.1794,1267.6355,-0.059999999
$GPGGA,78115,-178.1794,1268.6216,-0.059999999
$GPGGA,78148,-178.29048,1269.6077,-0.059999999
$GPGGA,78181,-178.29048,1270.5939,-0.059999999
$GPGGA,78214,-178.29048,1271.6621,-0.059999999
$GPGGA,78247,-178.40157,1272.6482,-0.059999999
$GPGGA,78280,-178.40157,1273.8809,-0.059999999
$GPGGA,78313,-178.40157,1275.1134,-0.059999999
$GPGGA,78346,-178.40157,1276.2639,-0.059999999
$GPGGA,78379,-178.40157,1277.4966,-0.059999999
$GPGGA,78412,-178.40157,1278.7291,-0.059999999
$GPGGA,78445,-178.40157,1279.9618,-0.059999999
$GPGGA,78478,-178.51265,1281.1945,-0.059999999
$GPGGA,78511,-178.51265,1282.3448,-0.059999999
$GPGGA,78544,-178.51265,1283.5775,-0.059999999
$GPGGA,78577,-178.51265,1284.8102,-0.059999999
$GPGGA,78610,-178.51265,1286.0427,-0.059999999
$GPGGA,78643,-178.51265,1287.2754,-0.059999999
$GPGGA,78676,-178.51265,1288.4259,-0.059999999
$GPGGA,78709,-178.62373,1289.6584,-0.059999999
$GPGGA,78742,-178.62373,1290.8911,-0.059999999
$GPGGA,78775,-178.62373,1292.1238,-0.059999999
$GPGGA,78808,-178.62373,1293.2742,-0.059999999
$GPGGA,78841,-178.62373,1294.5068,-0.059999999
$GPGGA,78874,-178.62373,1295.7395,-0.059999999
$GPGGA,78907,-178.62373,1296.972,-0.059999999
$GPGGA,78940,-178.73483,1298.2047,-0.059999999
$GPGGA,78973,-178.73483,1299.3551,-0.059999999
$GPGGA,79006,-178.73483,1300.5878,-0.059999999
$GPGGA,79039,-178.73483,1301.8204,-0.059999999
$GPGGA,79072,-178.73483,1303.0531,-0.059999999
$GPGGA,79105,-178.73483,1304.2856,-0.059999999
$GPGGA,79138,-178.73483,1305.4362,-0.059999999
$GPGGA,79171,-178.84592,1306.5044,-0.059999999
$GPGGA,79204,-178.84592,1307.5726,-0.059999999
$GPGGA,79237,-178.84592,1308.5588,-0.059999999
$GPGGA,79270,-178.84592,1309.5449,-0.059999999
$GPGGA,79303,-178.957,1310.6132,-0.059999999
$GPGGA,79336,-178.957,1311.5992,-0.059999999
$GPGGA,79369,-178.957,1312.6676,-0.059999999
$GPGGA,79402,-178.957,1313.6537,-0.059999999
$GPGGA,79435,-178.957,1314.6398,-0.059999999
$GPGGA,79468,-179.06808,1315.708,-0.059999999
$GPGGA,79501,-179.06808,1316.6941,-0.059999999
$GPGGA,79534,-179.06808,1317.6803,-0.059999999
$GPGGA,79567,-179.06808,1318.7485,-0.059999999
$GPGGA,79600,-179.17917,1319.7346,-0.059999999
$GPGGA,79633,-179.17917,1320.8029,-0.059999999
$GPGGA,79666,-179.17917,1321.7889,-0.059999999
$GPGGA,79699,-179.17917,1322.7751,-0.059999999
$GPGGA,79732,-179.29025,1323.8434,-0.059999999
$GPGGA,79765,-179.29025,1324.8295,-0.059999999
$GPGGA,79798,-179.29025,1325.8156,-0.059999999
$GPGGA,79831,-179.29025,1326.8839,-0.059999999
$GPGGA,79864,-179.29025,1327.87,-0.059999999
$GPGGA,79897,-179.40134,1328.9382,-0.059999999
$GPGGA,79930,-179.40134,1329.9243,-0.059999999
$GPGGA,79963,-179.40134,1330.9104,-0.059999999
$GPGGA,79996,-179.40134,1331.9788,-0.059999999
$GPGGA,80029,-179.51242,1332.9648,-0.059999999
$GPGGA,80062,-179.51242,1334.0331,-0.059999999
$GPGGA,80095,-179.51242,1335.0192,-0.059999999
$GPGGA,80128,-179.51242,1336.0054,-0.059999999
$GPGGA,80161,-179.6235,1337.0736,-0.059999999
$GPGGA,80194,-179.6235,1338.0597,-0.059999999
$GPGGA,80227,-179.6235,1339.0458,-0.059999999
$GPGGA,80260,-179.6235,1340.1141,-0.059999999
$GPGGA,80293,-179.6235,1341.2645,-0.059999999
$GPGGA,80326,-179.6235,1342.3328,-0.059999999
$GPGGA,80359,-179.73459,1343.4011,-0.059999999
$GPGGA,80392,-179.73459,1344.5515,-0.059999999
$GPGGA,80425,-179.73459,1345.6199,-0.059999999
$GPGGA,80458,-179.73459,1346.6881,-0.059999999
$GPGGA,80491,-179.73459,1347.8385,-0.059999999
$GPGGA,80524,-179.73459,1348.9069,-0.059999999
$GPGGA,80557,-179.73459,1349.9751,-0.059999999
$GPGGA,80590,-179.73459,1351.1256,-0.059999999
$GPGGA,80623,-179.73459,1352.1938,-0.059999999
$GPGGA,80656,-179.84567,1353.2621,-0.059999999
$GPGGA,80689,-179.84567,1354.4126,-0.059999999
$GPGGA,80722,-179.84567,1355.4808,-0.059999999
$GPGGA,80755,-179.84567,1356.6313,-0.059999999
$GPGGA,80788,-179.84567,1357.6996,-0.059999999
$GPGGA,80821,-179.84567,1358.7678,-0.059999999
$GPGGA,80854,-179.84567,1359.9183,-0.059999999
$GPGGA,80887,-179.95676,1360.9866,-0.059999999
$GPGGA,80920,-179.95676,1362.0549,-0.059999999
$GPGGA,80953,-179.95676,1363.2053,-0.059999999
$GPGGA,80986,-179.95676,1364.2736,-0.059999999
$GPGGA,81019,-179.95676,1365.3419,-0.059999999
$GPGGA,81052,-179.95676,1366.4923,-0.059999999
$GPGGA,81085,-179.95676,1367.5607,-0.059999999
$GPGGA,81118,-179.95676,1368.6289,-0.059999999
$GPGGA,81151,-179.95676,1369.7793,-0.059999999
$GPGGA,81184,-180.06784,1370.8477,-0.059999999
$GPGGA,81217,-180.06784,1371.9159,-0.059999999
$GPGGA,81250,-180.06784,1373.0664,-0.059999999
$GPGGA,81283,-180.06784,1374.299,-0.059999999
$GPGGA,81316,-180.06784,1375.5316,-0.059999999
$GPGGA,81349,-180.06784,1376.7643,-0.059999999
$GPGGA,81382,-180.06784,1377.9968,-0.059999999
$GPGGA,81415,-180.06784,1379.3116,-0.059999999
$GPGGA,81448,-180.17892,1380.5443,-0.059999999
$GPGGA,81481,-180.17892,1381.777,-0.059999999
$GPGGA,81514,-180.17892,1383.0095,-0.059999999
$GPGGA,81547,-180.17892,1384.2422,-0.059999999
$GPGGA,81580,-180.17892,1385.4749,-0.059999999
$GPGGA,81613,-180.17892,1386.7074,-0.059999999
$GPGGA,81646,-180.29001,1387.9401,-0.059999999
$GPGGA,81679,-180.29001,1389.1727,-0.059999999
$GPGGA,81712,-180.29001,1390.4054,-0.059999999
$GPGGA,81745,-180.29001,1391.6379,-0.059999999
$GPGGA,81778,-180.29001,1392.8706,-0.059999999
$GPGGA,81811,-180.29001,1394.1033,-0.059999999
$GPGGA,81844,-180.29001,1395.3358,-0.059999999
$GPGGA,81877,-180.40109,1396.6506,-0.059999999
$GPGGA,81910,-180.40109,1397.8833,-0.059999999
$GPGGA,81943,-180.40109,1399.116,-0.059999999
$GPGGA,81976,-180.40109,1400.3485,-0.059999999
$GPGGA,82009,-180.40109,1401.5812,-0.059999999
$GPGGA,82042,-180.40109,1402.8138,-0.059999999
$GPGGA,82075,-180.40109,1404.0464,-0.059999999
$GPGGA,82108,-180.51218,1405.2791,-0.059999999
$GPGGA,82141,-180.51218,1406.5117,-0.059999999
$GPGGA,82174,-180.51218,1407.6621,-0.059999999
$GPGGA,82207,-180.51218,1408.7305,-0.059999999
$GPGGA,82240,-180.51218,1409.7987,-0.059999999
$GPGGA,82273,-180.51218,1410.9491,-0.059999999
$GPGGA,82306,-180.51218,1412.0175,-0.059999999
$GPGGA,82339,-180.51218,1413.1678,-0.059999999
$GPGGA,82372,-180.51218,1414.2362,-0.059999999
$GPGGA,82405,-180.51218,1415.3044,-0.059999999
$GPGGA,82438,-180.51218,1416.455,-0.059999999
$GPGGA,82471,-180.51218,1417.5232,-0.059999999
$GPGGA,82504,-180.51218,1418.5914,-0.059999999
$GPGGA,82537,-180.51218,1419.7419,-0.059999999
$GPGGA,82570,-180.51218,1420.8102,-0.059999999
$GPGGA,82603,-180.51218,1421.9607,-0.059999999
$GPGGA,82636,-180.51218,1423.0289,-0.059999999
$GPGGA,82669,-180.51218,1424.0972,-0.059999999
$GPGGA,82702,-180.51218,1425.2477,-0.059999999
$GPGGA,82735,-180.51218,1426.3159,-0.059999999
$GPGGA,82768,-180.51218,1427.3842,-0.059999999
$GPGGA,82801,-180.51218,1428.5347,-0.059999999
$GPGGA,82834,-180.51218,1429.6029,-0.059999999
$GPGGA,82867,-180.51218,1430.6713,-0.059999999
$GPGGA,82900,-180.51218,1431.8217,-0.059999999
$GPGGA,82933,-180.51218,1432.8899,-0.059999999
$GPGGA,82966,-180.51218,1434.0404,-0.059999999
$GPGGA,82999,-180.51218,1435.1086,-0.059999999
$GPGGA,83032,-180.51218,1436.177,-0.059999999
$GPGGA,83065,-180.51218,1437.3274,-0.059999999
$GPGGA,83098,-180.51218,1438.3956,-0.059999999
$GPGGA,83131,-180.51218,1439.464,-0.059999999
$GPGGA,83164,-180.51218,1440.6144,-0.050000001
$GPGGA,83197,-180.40109,1441.6827,-0.050000001
$GPGGA,83230,-180.40109,1442.751,-0.050000001
$GPGGA,83263,-180.40109,1443.9015,-0.050000001
$GPGGA,83296,-180.40109,1444.9697,-0.050000001
$GPGGA,83329,-180.29001,1446.038,-0.050000001
$GPGGA,83362,-180.29001,1447.1885,-0.050000001
$GPGGA,83395,-180.29001,1448.2567,-0.050000001
$GPGGA,83428,-180.29001,1449.325,-0.050000001
$GPGGA,83461,-180.17892,1450.4755,-0.050000001
$GPGGA,83494,-180.17892,1451.5437,-0.050000001
$GPGGA,83527,-180.17892,1452.6121,-0.050000001
$GPGGA,83560,-180.06784,1453.7625,-0.050000001
$GPGGA,83593,-180.06784,1454.8307,-0.050000001
$GPGGA,83626,-180.06784,1455.9812,-0.050000001
$GPGGA,83659,-180.06784,1457.0494,-0.050000001
$GPGGA,83692,-179.95676,1458.1178,-0.050000001
$GPGGA,83725,-179.95676,1459.2682,-0.050000001
$GPGGA,83758,-179.95676,1460.3364,-0.050000001
$GPGGA,83791,-179.95676,1461.4048,-0.050000001
$GPGGA,83824,-179.95676,1462.5552,-0.050000001
$GPGGA,83857,-179.84567,1463.6235,-0.050000001
$GPGGA,83890,-179.84567,1464.6918,-0.050000001
$GPGGA,83923,-179.84567,1465.8423,-0.050000001
$GPGGA,83956,-179.73459,1466.9105,-0.050000001
$GPGGA,83989,-179.73459,1467.9788,-0.050000001
$GPGGA,84022,-179.73459,1469.1293,-0.050000001
$GPGGA,84055,-179.73459,1470.1975,-0.050000001
$GPGGA,84088,-179.73459,1471.2657,-0.050000001
$GPGGA,84121,-179.6235,1472.4163,-0.050000001
$GPGGA,84154,-179.6235,1473.4845,-0.050000001
$GPGGA,84187,-179.6235,1474.635,-0.050000001
$GPGGA,84220,-179.6235,1475.7032,-0.050000001
$GPGGA,84253,-179.51242,1476.8538,-0.050000001
$GPGGA,84286,-179.51242,1477.922,-0.050000001
$GPGGA,84319,-179.51242,1479.0724,-0.050000001
$GPGGA,84352,-179.51242,1480.2229,-0.050000001
$GPGGA,84385,-179.40134,1481.2911,-0.050000001
$GPGGA,84418,-179.40134,1482.4417,-0.050000001
$GPGGA,84451,-179.40134,1483.592,-0.050000001
$GPGGA,84484,-179.29025,1484.6604,-0.050000001
$GPGGA,84517,-179.29025,1485.8108,-0.050000001
$GPGGA,84550,-179.29025,1486.8792,-0.050000001
$GPGGA,84583,-179.29025,1488.0295,-0.050000001
$GPGGA,84616,-179.17917,1489.1801,-0.050000001
$GPGGA,84649,-179.17917,1490.2483,-0.050000001
$GPGGA,84682,-179.17917,1491.3987,-0.050000001
$GPGGA,84715,-179.17917,1492.467,-0.050000001
$GPGGA,84748,-179.06808,1493.6174,-0.050000001
$GPGGA,84781,-179.06808,1494.6858,-0.050000001
$GPGGA,84814,-179.06808,1495.8362,-0.050000001
$GPGGA,84847,-179.06808,1496.9867,-0.050000001
$GPGGA,84880,-178.957,1498.0549,-0.050000001
$GPGGA,84913,-178.957,1499.2053,-0.050000001
$GPGGA,84946,-178.957,1500.2737,-0.050000001
$GPGGA,84979,-178.957,1501.4241,-0.050000001
$GPGGA,85012,-178.84592,1502.5746,-0.050000001
$GPGGA,85045,-178.84592,1503.6428,-0.050000001
$GPGGA,85078,-178.84592,1504.7933,-0.050000001
$GPGGA,85111,-178.84592,1505.8616,-0.050000001
$GPGGA,85144,-178.73483,1507.0121,-0.050000001
$GPGGA,85177,-178.73483,1507.9982,-0.050000001
$GPGGA,85210,-178.73483,1509.0664,-0.050000001
$GPGGA,85243,-178.62373,1510.0525,-0.050000001
$GPGGA,85276,-178.62373,1511.0386,-0.050000001
$GPGGA,85309,-178.62373,1512.1069,-0.050000001
$GPGGA,85342,-178.51265,1513.093,-0.050000001
$GPGGA,85375,-178.51265,1514.1613,-0.050000001
$GPGGA,85408,-178.51265,1515.1473,-0.050000001
$GPGGA,85441,-178.40157,1516.1334,-0.050000001
$GPGGA,85474,-178.40157,1517.2018,-0.050000001
$GPGGA,85507,-178.40157,1518.1879,-0.050000001
$GPGGA,85540,-178.29048,1519.174,-0.050000001
$GPGGA,85573,-178.29048,1520.2422,-0.050000001
$GPGGA,85606,-178.29048,1521.2284,-0.050000001
$GPGGA,85639,-178.1794,1522.2145,-0.050000001
$GPGGA,85672,-178.1794,1523.2827,-0.050000001
$GPGGA,85705,-178.06831,1524.2688,-0.050000001
$GPGGA,85738,-178.06831,1525.3372,-0.050000001
$GPGGA,85771,-178.06831,1526.3232,-0.050000001
$GPGGA,85804,-177.95723,1527.3093,-0.050000001
$GPGGA,85837,-177.95723,1528.3776,-0.050000001
$GPGGA,85870,-177.95723,1529.3636,-0.050000001
$GPGGA,85903,-177.84615,1530.3499,-0.050000001
$GPGGA,85936,-177.84615,1531.4181,-0.050000001
$GPGGA,85969,-177.84615,1532.4042,-0.050000001
$GPGGA,86002,-177.73506,1533.3903,-0.050000001
$GPGGA,86035,-177.73506,1534.4586,-0.050000001
$GPGGA,86068,-177.73506,1535.4447,-0.050000001
$GPGGA,86101,-177.62398,1536.5129,-0.050000001
$GPGGA,86134,-177.62398,1537.499,-0.050000001
$GPGGA,86167,-177.62398,1538.4851,-0.050000001
$GPGGA,86200,-177.51289,1539.4713,-0.050000001
$GPGGA,86233,-177.51289,1540.5396,-0.050000001
$GPGGA,86266,-177.40181,1541.6899,-0.050000001
$GPGGA,86299,-177.40181,1542.8405,-0.050000001
$GPGGA,86332,-177.29073,1544.0731,-0.050000001
$GPGGA,86365,-177.17964,1545.2235,-0.050000001
$GPGGA,86398,-177.17964,1546.4562,-0.050000001
$GPGGA,86431,-177.06856,1547.6066,-0.050000001
$GPGGA,86464,-176.95747,1548.8392,-0.050000001
$GPGGA,86497,-176.95747,1549.9897,-0.050000001
$GPGGA,86530,-176.84639,1551.2223,-0.050000001
$GPGGA,86563,-176.73531,1552.3728,-0.050000001
$GPGGA,86596,-176.62422,1553.6053,-0.050000001
$GPGGA,86629,-176.62422,1554.7559,-0.050000001
$GPGGA,86662,-176.51314,1555.9885,-0.050000001
$GPGGA,86695,-176.40205,1557.1389,-0.050000001
$GPGGA,86728,-176.40205,1558.3716,-0.050000001
$GPGGA,86761,-176.29097,1559.522,-0.050000001
$GPGGA,86794,-176.17989,1560.6725,-0.050000001
$GPGGA,86827,-176.17989,1561.9052,-0.050000001
$GPGGA,86860,-176.0688,1563.0555,-0.050000001
$GPGGA,86893,-175.95772,1564.2882,-0.050000001
$GPGGA,86926,-175.84663,1565.4386,-0.050000001
$GPGGA,86959,-175.84663,1566.6713,-0.050000001
$GPGGA,86992,-175.73555,1567.8218,-0.050000001
$GPGGA,87025,-175.62447,1569.0543,-0.050000001
$GPGGA,87058,-175.62447,1570.2048,-0.050000001
$GPGGA,87091,-175.51338,1571.4374,-0.050000001
$GPGGA,87124,-175.4023,1572.5879,-0.050000001
$GPGGA,87157,-175.4023,1573.8206,-0.050000001
$GPGGA,87190,-175.29121,1574.8888,-0.050000001
$GPGGA,87223,-175.18013,1576.0392,-0.050000001
$GPGGA,87256,-175.06905,1577.1075,-0.050000001
$GPGGA,87289,-175.06905,1578.2579,-0.050000001
$GPGGA,87322,-174.95796,1579.4084,-0.050000001
$GPGGA,87355,-174.84688,1580.4767,-0.050000001
$GPGGA,87388,-174.73579,1581.6272,-0.050000001
$GPGGA,87421,-174.73579,1582.6954,-0.050000001
$GPGGA,87454,-174.62471,1583.8459,-0.050000001
$GPGGA,87487,-174.51361,1584.9963,-0.050000001
$GPGGA,87520,-174.40253,1586.0646,-0.050000001
$GPGGA,87553,-174.29144,1587.2151,-0.050000001
$GPGGA,87586,-174.29144,1588.3655,-0.050000001
$GPGGA,87619,-174.18036,1589.4338,-0.050000001
$GPGGA,87652,-174.06927,1590.5842,-0.050000001
$GPGGA,87685,-173.95819,1591.6526,-0.050000001
$GPGGA,87718,-173.95819,1592.803,-0.050000001
$GPGGA,87751,-173.84711,1593.9535,-0.050000001
$GPGGA,87784,-173.73602,1595.0217,-0.050000001
$GPGGA,87817,-173.62494,1596.1722,-0.050000001
$GPGGA,87850,-173.62494,1597.3226,-0.050000001
$GPGGA,87883,-173.51385,1598.3909,-0.050000001
$GPGGA,87916,-173.40277,1599.5414,-0.050000001
$GPGGA,87949,-173.29169,1600.6096,-0.050000001
$GPGGA,87982,-173.29169,1601.7601,-0.050000001
$GPGGA,88015,-173.1806,1602.9105,-0.050000001
$GPGGA,88048,-173.06952,1603.9789,-0.050000001
$GPGGA,88081,-172.95844,1605.1293,-0.050000001
$GPGGA,88114,-172.95844,1606.1975,-0.050000001
$GPGGA,88147,-172.84735,1607.348,-0.050000001
$GPGGA,88180,-172.73627,1608.4163,-0.050000001
$GPGGA,88213,-172.62518,1609.5668,-0.050000001
$GPGGA,88246,-172.5141,1610.635,-0.050000001
$GPGGA,88279,-172.40302,1611.7032,-0.050000001
$GPGGA,88312,-172.29193,1612.8538,-0.050000001
$GPGGA,88345,-172.18085,1613.922,-0.050000001
$GPGGA,88378,-172.18085,1615.0725,-0.050000001
$GPGGA,88411,-172.06976,1616.1407,-0.050000001
$GPGGA,88444,-171.95868,1617.2091,-0.050000001
$GPGGA,88477,-171.8476,1618.3595,-0.050000001
$GPGGA,88510,-171.73651,1619.4277,-0.050000001
$GPGGA,88543,-171.62543,1620.4961,-0.050000001
$GPGGA,88576,-171.51434,1621.6465,-0.050000001
$GPGGA,88609,-171.40326,1622.7148,-0.050000001
$GPGGA,88642,-171.40326,1623.8652,-0.050000001
$GPGGA,88675,-171.29218,1624.9335,-0.050000001
$GPGGA,88708,-171.18109,1626.0018,-0.050000001
$GPGGA,88741,-171.07001,1627.1522,-0.050000001
$GPGGA,88774,-170.95892,1628.2206,-0.050000001
$GPGGA,88807,-170.84784,1629.2888,-0.050000001
$GPGGA,88840,-170.73676,1630.4392,-0.050000001
$GPGGA,88873,-170.62567,1631.5076,-0.050000001
$GPGGA,88906,-170.62567,1632.658,-0.050000001
$GPGGA,88939,-170.51459,1633.7263,-0.050000001
$GPGGA,88972,-170.40349,1634.7946,-0.050000001
$GPGGA,89005,-170.2924,1635.9449,-0.050000001
$GPGGA,89038,-170.18132,1637.0133,-0.050000001
$GPGGA,89071,-170.07024,1638.0815,-0.050000001
$GPGGA,89104,-169.95915,1639.2321,-0.050000001
$GPGGA,89137,-169.84807,1640.3003,-0.050000001
$GPGGA,89170,-169.73698,1641.2864,-0.039999999
$GPGGA,89203,-169.73698,1642.3547,-0.039999999
$GPGGA,89236,-169.6259,1643.3408,-0.039999999
$GPGGA,89269,-169.51482,1644.3269,-0.039999999
$GPGGA,89302,-169.40373,1645.313,-0.039999999
$GPGGA,89335,-169.29265,1646.2991,-0.039999999
$GPGGA,89368,-169.29265,1647.2852,-0.039999999
$GPGGA,89401,-169.18156,1648.2712,-0.039999999
$GPGGA,89434,-169.07048,1649.3396,-0.039999999
$GPGGA,89467,-168.9594,1650.3257,-0.039999999
$GPGGA,89500,-168.84831,1651.3118,-0.039999999
$GPGGA,89533,-168.84831,1652.2979,-0.039999999
$GPGGA,89566,-168.73723,1653.2839,-0.039999999
$GPGGA,89599,-168.62614,1654.2701,-0.039999999
$GPGGA,89632,-168.51506,1655.2562,-0.039999999
$GPGGA,89665,-168.40398,1656.2423,-0.039999999
$GPGGA,89698,-168.40398,1657.3105,-0.039999999
$GPGGA,89731,-168.29289,1658.2966,-0.039999999
$GPGGA,89764,-168.18181,1659.2828,-0.039999999
$GPGGA,89797,-168.07072,1660.2689,-0.039999999
$GPGGA,89830,-167.95964,1661.255,-0.039999999
$GPGGA,89863,-167.95964,1662.2411,-0.039999999
$GPGGA,89896,-167.84856,1663.2272,-0.039999999
$GPGGA,89929,-167.73747,1664.2954,-0.039999999
$GPGGA,89962,-167.62639,1665.2816,-0.039999999
$GPGGA,89995,-167.5153,1666.2677,-0.039999999
$GPGGA,90028,-167.5153,1667.2538,-0.039999999
$GPGGA,90061,-167.40422,1668.2399,-0.039999999
$GPGGA,90094,-167.29314,1669.226,-0.039999999
$GPGGA,90127,-167.18205,1670.212,-0.039999999
$GPGGA,90160,-167.07097,1671.2804,-0.039999999
$GPGGA,90193,-167.07097,1672.2665,-0.039999999
$GPGGA,90226,-166.95988,1673.2526,-0.039999999
$GPGGA,90259,-166.8488,1674.3208,-0.039999999
$GPGGA,90292,-166.73772,1675.3892,-0.039999999
$GPGGA,90325,-166.62663,1676.5396,-0.039999999
$GPGGA,90358,-166.51555,1677.6901,-0.039999999
$GPGGA,90391,-166.40445,1678.7583,-0.039999999
$GPGGA,90424,-166.29337,1679.9088,-0.039999999
$GPGGA,90457,-166.29337,1680.9771,-0.039999999
$GPGGA,90490,-166.18228,1682.1274,-0.039999999
$GPGGA,90523,-166.0712,1683.278,-0.039999999
$GPGGA,90556,-165.96011,1684.3462,-0.039999999
$GPGGA,90589,-165.84903,1685.4967,-0.039999999
$GPGGA,90622,-165.73795,1686.6471,-0.039999999
$GPGGA,90655,-165.62686,1687.7155,-0.039999999
$GPGGA,90688,-165.51578,1688.8658,-0.039999999
$GPGGA,90721,-165.40469,1689.9342,-0.039999999
$GPGGA,90754,-165.29361,1691.0846,-0.039999999
$GPGGA,90787,-165.18253,1692.2351,-0.039999999
$GPGGA,90820,-165.18253,1693.3033,-0.039999999
$GPGGA,90853,-165.07144,1694.4537,-0.039999999
$GPGGA,90886,-164.96036,1695.5221,-0.039999999
$GPGGA,90919,-164.84927,1696.6725,-0.039999999
$GPGGA,90952,-164.73819,1697.823,-0.039999999
$GPGGA,90985,-164.62711,1698.8912,-0.039999999
$GPGGA,91018,-164.51602,1700.0417,-0.039999999
$GPGGA,91051,-164.40494,1701.1921,-0.039999999
$GPGGA,91084,-164.29385,1702.2605,-0.039999999
$GPGGA,91117,-164.18277,1703.4109,-0.039999999
$GPGGA,91150,-164.18277,1704.4791,-0.039999999
$GPGGA,91183,-164.07169,1705.6296,-0.039999999
$GPGGA,91216,-163.9606,1706.78,-0.039999999
$GPGGA,91249,-163.84952,1707.8484,-0.039999999
$GPGGA,91282,-163.62735,1708.9166,-0.039999999
$GPGGA,91315,-163.51627,1710.0671,-0.039999999
$GPGGA,91348,-163.40518,1711.1354,-0.039999999
$GPGGA,91381,-163.2941,1712.2036,-0.039999999
$GPGGA,91414,-163.18301,1713.3541,-0.039999999
$GPGGA,91447,-163.07193,1714.4224,-0.039999999
$GPGGA,91480,-162.96085,1715.5729,-0.039999999
$GPGGA,91513,-162.84976,1716.6411,-0.039999999
$GPGGA,91546,-162.62759,1717.7094,-0.039999999
$GPGGA,91579,-162.51651,1718.8599,-0.039999999
$GPGGA,91612,-162.40543,1719.9281,-0.039999999
$GPGGA,91645,-162.29433,1720.9963,-0.039999999
$GPGGA,91678,-162.18324,1722.1469,-0.039999999
$GPGGA,91711,-162.07216,1723.2151,-0.039999999
$GPGGA,91744,-161.96107,1724.3656,-0.039999999
$GPGGA,91777,-161.73891,1725.4338,-0.039999999
$GPGGA,91810,-161.62782,1726.5022,-0.039999999
$GPGGA,91843,-161.51674,1727.6526,-0.039999999
$GPGGA,91876,-161.40565,1728.7208,-0.039999999
$GPGGA,91909,-161.29457,1729.7892,-0.039999999
$GPGGA,91942,-161.18349,1730.9396,-0.039999999
$GPGGA,91975,-161.0724,1732.0079,-0.039999999
$GPGGA,92008,-160.85023,1733.1583,-0.039999999
$GPGGA,92041,-160.73915,1734.2266,-0.039999999
$GPGGA,92074,-160.62807,1735.2949,-0.039999999
$GPGGA,92107,-160.51698,1736.4453,-0.039999999
$GPGGA,92140,-160.4059,1737.5137,-0.039999999
$GPGGA,92173,-160.29482,1738.5819,-0.039999999
$GPGGA,92206,-160.18373,1739.7323,-0.039999999
$GPGGA,92239,-160.07265,1740.8007,-0.029999999
$GPGGA,92272,-159.85048,1741.8689,-0.029999999
$GPGGA,92305,-159.7394,1743.0194,-0.029999999
$GPGGA,92338,-159.62831,1744.0876,-0.029999999
$GPGGA,92371,-159.51723,1745.1559,-0.029999999
$GPGGA,92404,-159.40614,1746.3064,-0.029999999
$GPGGA,92437,-159.29506,1747.3746,-0.029999999
$GPGGA,92470,-159.18398,1748.443,-0.029999999
$GPGGA,92503,-158.96181,1749.5934,-0.029999999
$GPGGA,92536,-158.85072,1750.6616,-0.029999999
$GPGGA,92569,-158.73964,1751.8121,-0.029999999
$GPGGA,92602,-158.62856,1752.8804,-0.029999999
$GPGGA,92635,-158.51747,1753.9487,-0.029999999
$GPGGA,92668,-158.40639,1755.0991,-0.029999999
$GPGGA,92701,-158.29529,1756.1674,-0.029999999
$GPGGA,92734,-158.1842,1757.2357,-0.029999999
$GPGGA,92767,-157.96204,1758.3861,-0.029999999
$GPGGA,92800,-157.85095,1759.4545,-0.029999999
$GPGGA,92833,-157.73987,1760.5227,-0.029999999
$GPGGA,92866,-157.62878,1761.6731,-0.029999999
$GPGGA,92899,-157.5177,1762.7415,-0.029999999
$GPGGA,92932,-157.40662,1763.8097,-0.029999999
$GPGGA,92965,-157.29553,1764.9602,-0.029999999
$GPGGA,92998,-157.07336,1766.0284,-0.029999999
$GPGGA,93031,-156.96228,1767.0967,-0.029999999
$GPGGA,93064,-156.8512,1768.2472,-0.029999999
$GPGGA,93097,-156.74011,1769.3154,-0.029999999
$GPGGA,93130,-156.62903,1770.3837,-0.029999999
$GPGGA,93163,-156.51794,1771.5342,-0.029999999
$GPGGA,93196,-156.40686,1772.6024,-0.029999999
$GPGGA,93229,-156.18469,1773.6708,-0.029999999
$GPGGA,93262,-156.07361,1774.8212,-0.029999999
$GPGGA,93295,-155.96252,1775.8895,-0.029999999
$GPGGA,93328,-155.85144,1776.9578,-0.029999999
$GPGGA,93361,-155.62927,1778.1082,-0.029999999
$GPGGA,93394,-155.51819,1779.1765,-0.029999999
$GPGGA,93427,-155.4071,1780.2448,-0.029999999
$GPGGA,93460,-155.29602,1781.3953,-0.029999999
$GPGGA,93493,-155.07385,1782.4635,-0.029999999
$GPGGA,93526,-154.96277,1783.5317,-0.029999999
$GPGGA,93559,-154.85168,1784.6823,-0.029999999
$GPGGA,93592,-154.7406,1785.7505,-0.029999999
$GPGGA,93625,-154.51843,1786.8187,-0.029999999
$GPGGA,93658,-154.40735,1787.9692,-0.029999999
$GPGGA,93691,-154.29625,1789.0375,-0.029999999
$GPGGA,93724,-154.18517,1790.1058,-0.029999999
$GPGGA,93757,-153.963,1791.2562,-0.029999999
$GPGGA,93790,-153.85191,1792.3245,-0.029999999
$GPGGA,93823,-153.74083,1793.3928,-0.029999999
$GPGGA,93856,-153.62975,1794.5432,-0.029999999
$GPGGA,93889,-153.40758,1795.6116,-0.029999999
$GPGGA,93922,-153.29649,1796.762,-0.029999999
$GPGGA,93955,-153.18541,1797.8303,-0.029999999
$GPGGA,93988,-153.07433,1798.8986,-0.029999999
$GPGGA,94021,-152.85216,1800.049,-0.029999999
$GPGGA,94054,-152.74107,1801.1173,-0.029999999
$GPGGA,94087,-152.62999,1802.1855,-0.029999999
$GPGGA,94120,-152.40782,1803.3361,-0.029999999
$GPGGA,94153,-152.29674,1804.4043,-0.029999999
$GPGGA,94186,-152.18565,1805.4725,-0.029999999
$GPGGA,94219,-152.07457,1806.623,-0.029999999
$GPGGA,94252,-151.8524,1807.6913,-0.029999999
$GPGGA,94285,-151.74132,1808.7595,-0.029999999
$GPGGA,94318,-151.63023,1809.91,-0.029999999
$GPGGA,94351,-151.51915,1810.9783,-0.029999999
$GPGGA,94384,-151.29698,1812.0466,-0.029999999
$GPGGA,94417,-151.1859,1813.197,-0.029999999
$GPGGA,94450,-151.07481,1814.2653,-0.029999999
$GPGGA,94483,-150.96373,1815.3336,-0.029999999
$GPGGA,94516,-150.74156,1816.484,-0.029999999
$GPGGA,94549,-150.63048,1817.5524,-0.029999999
$GPGGA,94582,-150.51939,1818.6206,-0.029999999
$GPGGA,94615,-150.29723,1819.771,-0.029999999
$GPGGA,94648,-150.18613,1820.8394,-0.029999999
$GPGGA,94681,-150.07504,1821.9076,-0.029999999
$GPGGA,94714,-149.96396,1823.0581,-0.029999999
$GPGGA,94747,-149.74179,1824.1263,-0.029999999
$GPGGA,94780,-149.63071,1825.1946,-0.029999999
$GPGGA,94813,-149.51962,1826.3451,-0.029999999
$GPGGA,94846,-149.40854,1827.4133,-0.029999999
$GPGGA,94879,-149.18637,1828.4817,-0.029999999
$GPGGA,94912,-149.07529,1829.6321,-0.029999999
$GPGGA,94945,-148.9642,1830.7003,-0.029999999
$GPGGA,94978,-148.85312,1831.8508,-0.029999999
$GPGGA,95011,-148.63095,1832.9191,-0.029999999
$GPGGA,95044,-148.51987,1833.9874,-0.029999999
$GPGGA,95077,-148.40878,1835.1378,-0.029999999
$GPGGA,95110,-148.18661,1836.2061,-0.029999999
$GPGGA,95143,-148.07553,1837.2744,-0.029999999
$GPGGA,95176,-147.96445,1838.4248,-0.029999999
$GPGGA,95209,-147.85336,1839.4932,-0.029999999
$GPGGA,95242,-147.6312,1840.5614,-0.02
$GPGGA,95275,-147.52011,1841.6296,-0.02
$GPGGA,95308,-147.40903,1842.698,-0.02
$GPGGA,95341,-147.18686,1843.8484,-0.02
$GPGGA,95374,-147.07578,1844.9166,-0.02
$GPGGA,95407,-146.85361,1845.985,-0.02
$GPGGA,95440,-146.74252,1847.0532,-0.02
$GPGGA,95473,-146.63144,1848.1215,-0.02
$GPGGA,95506,-146.40927,1849.1898,-0.02
$GPGGA,95539,-146.29819,1850.2581,-0.02
$GPGGA,95572,-146.18709,1851.3263,-0.02
$GPGGA,95605,-145.96492,1852.4768,-0.02
$GPGGA,95638,-145.85384,1853.545,-0.02
$GPGGA,95671,-145.63167,1854.6134,-0.02
$GPGGA,95704,-145.52058,1855.6816,-0.02
$GPGGA,95737,-145.4095,1856.7499,-0.02
$GPGGA,95770,-145.18733,1857.8182,-0.02
$GPGGA,95803,-145.07625,1858.8865,-0.02
$GPGGA,95836,-144.85408,1859.9547,-0.02
$GPGGA,95869,-144.743,1861.0231,-0.02
$GPGGA,95902,-144.63191,1862.1735,-0.02
$GPGGA,95935,-144.40974,1863.2418,-0.02
$GPGGA,95968,-144.29866,1864.3101,-0.02
$GPGGA,96001,-144.07649,1865.3783,-0.02
$GPGGA,96034,-143.96541,1866.4467,-0.02
$GPGGA,96067,-143.85432,1867.5149,-0.02
$GPGGA,96100,-143.63216,1868.5831,-0.02
$GPGGA,96133,-143.52107,1869.6515,-0.02
$GPGGA,96166,-143.40999,1870.8019,-0.02
$GPGGA,96199,-143.18782,1871.8701,-0.02
$GPGGA,96232,-143.07674,1872.9385,-0.02
$GPGGA,96265,-142.85457,1874.0067,-0.02
$GPGGA,96298,-142.74348,1875.1572,-0.02
$GPGGA,96331,-142.52132,1876.2255,-0.02
$GPGGA,96364,-142.41023,1877.2937,-0.02
$GPGGA,96397,-142.18805,1878.4442,-0.02
$GPGGA,96430,-142.07697,1879.5125,-0.02
$GPGGA,96463,-141.8548,1880.5807,-0.02
$GPGGA,96496,-141.74371,1881.7312,-0.02
$GPGGA,96529,-141.52155,1882.7994,-0.02
$GPGGA,96562,-141.29938,1883.8678,-0.02
$GPGGA,96595,-141.18829,1885.0182,-0.02
$GPGGA,96628,-141.07721,1886.0865,-0.02
$GPGGA,96661,-140.85504,1887.1548,-0.02
$GPGGA,96694,-140.74396,1888.3052,-0.02
$GPGGA,96727,-140.52179,1889.3735,-0.02
$GPGGA,96760,-140.29962,1890.4418,-0.02
$GPGGA,96793,-140.18854,1891.5923,-0.02
$GPGGA,96826,-140.07745,1892.6605,-0.02
$GPGGA,96859,-139.85529,1893.7288,-0.02
$GPGGA,96892,-139.63312,1894.8793,-0.02
$GPGGA,96925,-139.52203,1895.9475,-0.02
$GPGGA,96958,-139.29987,1897.0157,-0.02
$GPGGA,96991,-139.18878,1898.1663,-0.02
$GPGGA,97024,-138.96661,1899.2345,-0.02
$GPGGA,97057,-138.85553,1900.3029,-0.02
$GPGGA,97090,-138.63336,1901.4532,-0.02
$GPGGA,97123,-138.52228,1902.5215,-0.02
$GPGGA,97156,-138.30011,1903.5898,-0.02
$GPGGA,97189,-138.18901,1904.7402,-0.02
$GPGGA,97222,-137.96684,1905.8086,-0.02
$GPGGA,97255,-137.85576,1906.8768,-0.02
$GPGGA,97288,-137.63359,1908.0272,-0.02
$GPGGA,97321,-137.41142,1909.0956,-0.02
$GPGGA,97354,-137.30034,1910.1638,-0.02
$GPGGA,97387,-137.07817,1911.3143,-0.02
$GPGGA,97420,-136.856,1912.3826,-0.02
$GPGGA,97453,-136.74492,1913.5331,-0.02
$GPGGA,97486,-136.52275,1914.6013,-0.02
$GPGGA,97519,-136.41167,1915.6696,-0.02
$GPGGA,97552,-136.1895,1916.8201,-0.02
$GPGGA,97585,-135.96733,1917.8883,-0.02
$GPGGA,97618,-135.85625,1918.9565,-0.02
$GPGGA,97651,-135.63408,1920.1071,-0.02
$GPGGA,97684,-135.41191,1921.1753,-0.02
$GPGGA,97717,-135.30083,1922.2437,-0.02
$GPGGA,97750,-135.07866,1923.394,-0.02
$GPGGA,97783,-134.85649,1924.4623,-0.02
$GPGGA,97816,-134.74541,1925.5306,-0.02
$GPGGA,97849,-134.52324,1926.681,-0.02
$GPGGA,97882,-134.30107,1927.7494,-0.02
$GPGGA,97915,-134.18997,1928.8176,-0.02
$GPGGA,97948,-133.9678,1929.968,-0.02
$GPGGA,97981,-133.85672,1931.0364,-0.02
$GPGGA,98014,-133.63455,1932.1046,-0.02
$GPGGA,98047,-133.41238,1933.2551,-0.02
$GPGGA,98080,-133.3013,1934.3234,-0.02
$GPGGA,98113,-133.07913,1935.3916,-0.02
$GPGGA,98146,-132.85696,1936.5421,-0.02
$GPGGA,98179,-132.74588,1937.6104,-0.02
$GPGGA,98212,-132.52371,1938.6787,-0.02
$GPGGA,98245,-132.30154,1939.8291,-0.0099999998
$GPGGA,98278,-132.19046,1940.8973,-0.0099999998
$GPGGA,98311,-131.96829,1941.9657,-0.0099999998
$GPGGA,98344,-131.85721,1943.0339,-0.0099999998
$GPGGA,98377,-131.63504,1944.1022,-0.0099999998
$GPGGA,98410,-131.52396,1945.1705,-0.0099999998
$GPGGA,98443,-131.30179,1946.2388,-0.0099999998
$GPGGA,98476,-131.1907,1947.307,-0.0099999998
$GPGGA,98509,-130.96854,1948.3754,-0.0099999998
$GPGGA,98542,-130.85745,1949.4436,-0.0099999998
$GPGGA,98575,-130.63528,1950.5118,-0.0099999998
$GPGGA,98608,-130.5242,1951.5802,-0.0099999998
$GPGGA,98641,-130.30203,1952.7306,-0.0099999998
$GPGGA,98674,-130.19093,1953.799,-0.0099999998
$GPGGA,98707,-129.96877,1954.8672,-0.0099999998
$GPGGA,98740,-129.85768,1955.9354,-0.0099999998
$GPGGA,98773,-129.63551,1957.0038,-0.0099999998
$GPGGA,98806,-129.52443,1958.072,-0.0099999998
$GPGGA,98839,-129.30226,1959.1403,-0.0099999998
$GPGGA,98872,-129.19118,1960.2086,-0.0099999998
$GPGGA,98905,-128.96901,1961.2769,-0.0099999998
$GPGGA,98938,-128.85793,1962.3451,-0.0099999998
$GPGGA,98971,-128.63576,1963.4135,-0.0099999998
$GPGGA,99004,-128.52467,1964.4817,-0.0099999998
$GPGGA,99037,-128.30251,1965.5499,-0.0099999998
$GPGGA,99070,-128.19142,1966.7004,-0.0099999998
$GPGGA,99103,-127.96925,1967.7687,-0.0099999998
$GPGGA,99136,-127.85817,1968.8369,-0.0099999998
$GPGGA,99169,-127.636,1969.9053,-0.0099999998
$GPGGA,99202,-127.52492,1970.9735,-0.0099999998
$GPGGA,99235,-127.30275,1972.0417,-0.0099999998
$GPGGA,99268,-127.08057,1973.1101,-0.0099999998
$GPGGA,99301,-126.85841,1974.2605,-0.0099999998
$GPGGA,99334,-126.74732,1975.3289,-0.0099999998
$GPGGA,99367,-126.52515,1976.3971,-0.0099999998
